MOUNT
WRITE 0 256 0
WRITE 256 256 1
WRITE 512 256 2
WRITE 768 256 3
WRITE 1024 256 4
WRITE 1280 256 5
WRITE 1536 256 6
WRITE 1792 256 7
WRITE 2048 256 8
WRITE 2304 256 9
WRITE 2560 256 10
WRITE 2816 256 11
WRITE 3072 256 12
WRITE 3328 256 13
WRITE 3584 256 14
WRITE 3840 256 15
WRITE 4096 256 16
WRITE 4352 256 17
WRITE 4608 256 18
WRITE 4864 256 19
WRITE 5120 256 20
WRITE 5376 256 21
WRITE 5632 256 22
WRITE 5888 256 23
WRITE 6144 256 24
WRITE 6400 256 25
WRITE 6656 256 26
WRITE 6912 256 27
WRITE 7168 256 28
WRITE 7424 256 29
WRITE 7680 256 30
WRITE 7936 256 31
WRITE 8192 256 32
WRITE 8448 256 33
WRITE 8704 256 34
WRITE 8960 256 35
WRITE 9216 256 36
WRITE 9472 256 37
WRITE 9728 256 38
WRITE 9984 256 39
WRITE 10240 256 40
WRITE 10496 256 41
WRITE 10752 256 42
WRITE 11008 256 43
WRITE 11264 256 44
WRITE 11520 256 45
WRITE 11776 256 46
WRITE 12032 256 47
WRITE 12288 256 48
WRITE 12544 256 49
WRITE 12800 256 50
WRITE 13056 256 51
WRITE 13312 256 52
WRITE 13568 256 53
WRITE 13824 256 54
WRITE 14080 256 55
WRITE 14336 256 56
WRITE 14592 256 57
WRITE 14848 256 58
WRITE 15104 256 59
WRITE 15360 256 60
WRITE 15616 256 61
WRITE 15872 256 62
WRITE 16128 256 63
WRITE 16384 256 64
WRITE 16640 256 65
WRITE 16896 256 66
WRITE 17152 256 67
WRITE 17408 256 68
WRITE 17664 256 69
WRITE 17920 256 70
WRITE 18176 256 71
WRITE 18432 256 72
WRITE 18688 256 73
WRITE 18944 256 74
WRITE 19200 256 75
WRITE 19456 256 76
WRITE 19712 256 77
WRITE 19968 256 78
WRITE 20224 256 79
WRITE 20480 256 80
WRITE 20736 256 81
WRITE 20992 256 82
WRITE 21248 256 83
WRITE 21504 256 84
WRITE 21760 256 85
WRITE 22016 256 86
WRITE 22272 256 87
WRITE 22528 256 88
WRITE 22784 256 89
WRITE 23040 256 90
WRITE 23296 256 91
WRITE 23552 256 92
WRITE 23808 256 93
WRITE 24064 256 94
WRITE 24320 256 95
WRITE 24576 256 96
WRITE 24832 256 97
WRITE 25088 256 98
WRITE 25344 256 99
WRITE 25600 256 100
WRITE 25856 256 101
WRITE 26112 256 102
WRITE 26368 256 103
WRITE 26624 256 104
WRITE 26880 256 105
WRITE 27136 256 106
WRITE 27392 256 107
WRITE 27648 256 108
WRITE 27904 256 109
WRITE 28160 256 110
WRITE 28416 256 111
WRITE 28672 256 112
WRITE 28928 256 113
WRITE 29184 256 114
WRITE 29440 256 115
WRITE 29696 256 116
WRITE 29952 256 117
WRITE 30208 256 118
WRITE 30464 256 119
WRITE 30720 256 120
WRITE 30976 256 121
WRITE 31232 256 122
WRITE 31488 256 123
WRITE 31744 256 124
WRITE 32000 256 125
WRITE 32256 256 126
WRITE 32512 256 127
WRITE 32768 256 128
WRITE 33024 256 129
WRITE 33280 256 130
WRITE 33536 256 131
WRITE 33792 256 132
WRITE 34048 256 133
WRITE 34304 256 134
WRITE 34560 256 135
WRITE 34816 256 136
WRITE 35072 256 137
WRITE 35328 256 138
WRITE 35584 256 139
WRITE 35840 256 140
WRITE 36096 256 141
WRITE 36352 256 142
WRITE 36608 256 143
WRITE 36864 256 144
WRITE 37120 256 145
WRITE 37376 256 146
WRITE 37632 256 147
WRITE 37888 256 148
WRITE 38144 256 149
WRITE 38400 256 150
WRITE 38656 256 151
WRITE 38912 256 152
WRITE 39168 256 153
WRITE 39424 256 154
WRITE 39680 256 155
WRITE 39936 256 156
WRITE 40192 256 157
WRITE 40448 256 158
WRITE 40704 256 159
WRITE 40960 256 160
WRITE 41216 256 161
WRITE 41472 256 162
WRITE 41728 256 163
WRITE 41984 256 164
WRITE 42240 256 165
WRITE 42496 256 166
WRITE 42752 256 167
WRITE 43008 256 168
WRITE 43264 256 169
WRITE 43520 256 170
WRITE 43776 256 171
WRITE 44032 256 172
WRITE 44288 256 173
WRITE 44544 256 174
WRITE 44800 256 175
WRITE 45056 256 176
WRITE 45312 256 177
WRITE 45568 256 178
WRITE 45824 256 179
WRITE 46080 256 180
WRITE 46336 256 181
WRITE 46592 256 182
WRITE 46848 256 183
WRITE 47104 256 184
WRITE 47360 256 185
WRITE 47616 256 186
WRITE 47872 256 187
WRITE 48128 256 188
WRITE 48384 256 189
WRITE 48640 256 190
WRITE 48896 256 191
WRITE 49152 256 192
WRITE 49408 256 193
WRITE 49664 256 194
WRITE 49920 256 195
WRITE 50176 256 196
WRITE 50432 256 197
WRITE 50688 256 198
WRITE 50944 256 199
WRITE 51200 256 200
WRITE 51456 256 201
WRITE 51712 256 202
WRITE 51968 256 203
WRITE 52224 256 204
WRITE 52480 256 205
WRITE 52736 256 206
WRITE 52992 256 207
WRITE 53248 256 208
WRITE 53504 256 209
WRITE 53760 256 210
WRITE 54016 256 211
WRITE 54272 256 212
WRITE 54528 256 213
WRITE 54784 256 214
WRITE 55040 256 215
WRITE 55296 256 216
WRITE 55552 256 217
WRITE 55808 256 218
WRITE 56064 256 219
WRITE 56320 256 220
WRITE 56576 256 221
WRITE 56832 256 222
WRITE 57088 256 223
WRITE 57344 256 224
WRITE 57600 256 225
WRITE 57856 256 226
WRITE 58112 256 227
WRITE 58368 256 228
WRITE 58624 256 229
WRITE 58880 256 230
WRITE 59136 256 231
WRITE 59392 256 232
WRITE 59648 256 233
WRITE 59904 256 234
WRITE 60160 256 235
WRITE 60416 256 236
WRITE 60672 256 237
WRITE 60928 256 238
WRITE 61184 256 239
WRITE 61440 256 240
WRITE 61696 256 241
WRITE 61952 256 242
WRITE 62208 256 243
WRITE 62464 256 244
WRITE 62720 256 245
WRITE 62976 256 246
WRITE 63232 256 247
WRITE 63488 256 248
WRITE 63744 256 249
WRITE 64000 256 250
WRITE 64256 256 251
WRITE 64512 256 252
WRITE 64768 256 253
WRITE 65024 256 254
WRITE 65280 256 255
WRITE 65536 256 0
WRITE 65792 256 1
WRITE 66048 256 2
WRITE 66304 256 3
WRITE 66560 256 4
WRITE 66816 256 5
WRITE 67072 256 6
WRITE 67328 256 7
WRITE 67584 256 8
WRITE 67840 256 9
WRITE 68096 256 10
WRITE 68352 256 11
WRITE 68608 256 12
WRITE 68864 256 13
WRITE 69120 256 14
WRITE 69376 256 15
WRITE 69632 256 16
WRITE 69888 256 17
WRITE 70144 256 18
WRITE 70400 256 19
WRITE 70656 256 20
WRITE 70912 256 21
WRITE 71168 256 22
WRITE 71424 256 23
WRITE 71680 256 24
WRITE 71936 256 25
WRITE 72192 256 26
WRITE 72448 256 27
WRITE 72704 256 28
WRITE 72960 256 29
WRITE 73216 256 30
WRITE 73472 256 31
WRITE 73728 256 32
WRITE 73984 256 33
WRITE 74240 256 34
WRITE 74496 256 35
WRITE 74752 256 36
WRITE 75008 256 37
WRITE 75264 256 38
WRITE 75520 256 39
WRITE 75776 256 40
WRITE 76032 256 41
WRITE 76288 256 42
WRITE 76544 256 43
WRITE 76800 256 44
WRITE 77056 256 45
WRITE 77312 256 46
WRITE 77568 256 47
WRITE 77824 256 48
WRITE 78080 256 49
WRITE 78336 256 50
WRITE 78592 256 51
WRITE 78848 256 52
WRITE 79104 256 53
WRITE 79360 256 54
WRITE 79616 256 55
WRITE 79872 256 56
WRITE 80128 256 57
WRITE 80384 256 58
WRITE 80640 256 59
WRITE 80896 256 60
WRITE 81152 256 61
WRITE 81408 256 62
WRITE 81664 256 63
WRITE 81920 256 64
WRITE 82176 256 65
WRITE 82432 256 66
WRITE 82688 256 67
WRITE 82944 256 68
WRITE 83200 256 69
WRITE 83456 256 70
WRITE 83712 256 71
WRITE 83968 256 72
WRITE 84224 256 73
WRITE 84480 256 74
WRITE 84736 256 75
WRITE 84992 256 76
WRITE 85248 256 77
WRITE 85504 256 78
WRITE 85760 256 79
WRITE 86016 256 80
WRITE 86272 256 81
WRITE 86528 256 82
WRITE 86784 256 83
WRITE 87040 256 84
WRITE 87296 256 85
WRITE 87552 256 86
WRITE 87808 256 87
WRITE 88064 256 88
WRITE 88320 256 89
WRITE 88576 256 90
WRITE 88832 256 91
WRITE 89088 256 92
WRITE 89344 256 93
WRITE 89600 256 94
WRITE 89856 256 95
WRITE 90112 256 96
WRITE 90368 256 97
WRITE 90624 256 98
WRITE 90880 256 99
WRITE 91136 256 100
WRITE 91392 256 101
WRITE 91648 256 102
WRITE 91904 256 103
WRITE 92160 256 104
WRITE 92416 256 105
WRITE 92672 256 106
WRITE 92928 256 107
WRITE 93184 256 108
WRITE 93440 256 109
WRITE 93696 256 110
WRITE 93952 256 111
WRITE 94208 256 112
WRITE 94464 256 113
WRITE 94720 256 114
WRITE 94976 256 115
WRITE 95232 256 116
WRITE 95488 256 117
WRITE 95744 256 118
WRITE 96000 256 119
WRITE 96256 256 120
WRITE 96512 256 121
WRITE 96768 256 122
WRITE 97024 256 123
WRITE 97280 256 124
WRITE 97536 256 125
WRITE 97792 256 126
WRITE 98048 256 127
WRITE 98304 256 128
WRITE 98560 256 129
WRITE 98816 256 130
WRITE 99072 256 131
WRITE 99328 256 132
WRITE 99584 256 133
WRITE 99840 256 134
WRITE 100096 256 135
WRITE 100352 256 136
WRITE 100608 256 137
WRITE 100864 256 138
WRITE 101120 256 139
WRITE 101376 256 140
WRITE 101632 256 141
WRITE 101888 256 142
WRITE 102144 256 143
WRITE 102400 256 144
WRITE 102656 256 145
WRITE 102912 256 146
WRITE 103168 256 147
WRITE 103424 256 148
WRITE 103680 256 149
WRITE 103936 256 150
WRITE 104192 256 151
WRITE 104448 256 152
WRITE 104704 256 153
WRITE 104960 256 154
WRITE 105216 256 155
WRITE 105472 256 156
WRITE 105728 256 157
WRITE 105984 256 158
WRITE 106240 256 159
WRITE 106496 256 160
WRITE 106752 256 161
WRITE 107008 256 162
WRITE 107264 256 163
WRITE 107520 256 164
WRITE 107776 256 165
WRITE 108032 256 166
WRITE 108288 256 167
WRITE 108544 256 168
WRITE 108800 256 169
WRITE 109056 256 170
WRITE 109312 256 171
WRITE 109568 256 172
WRITE 109824 256 173
WRITE 110080 256 174
WRITE 110336 256 175
WRITE 110592 256 176
WRITE 110848 256 177
WRITE 111104 256 178
WRITE 111360 256 179
WRITE 111616 256 180
WRITE 111872 256 181
WRITE 112128 256 182
WRITE 112384 256 183
WRITE 112640 256 184
WRITE 112896 256 185
WRITE 113152 256 186
WRITE 113408 256 187
WRITE 113664 256 188
WRITE 113920 256 189
WRITE 114176 256 190
WRITE 114432 256 191
WRITE 114688 256 192
WRITE 114944 256 193
WRITE 115200 256 194
WRITE 115456 256 195
WRITE 115712 256 196
WRITE 115968 256 197
WRITE 116224 256 198
WRITE 116480 256 199
WRITE 116736 256 200
WRITE 116992 256 201
WRITE 117248 256 202
WRITE 117504 256 203
WRITE 117760 256 204
WRITE 118016 256 205
WRITE 118272 256 206
WRITE 118528 256 207
WRITE 118784 256 208
WRITE 119040 256 209
WRITE 119296 256 210
WRITE 119552 256 211
WRITE 119808 256 212
WRITE 120064 256 213
WRITE 120320 256 214
WRITE 120576 256 215
WRITE 120832 256 216
WRITE 121088 256 217
WRITE 121344 256 218
WRITE 121600 256 219
WRITE 121856 256 220
WRITE 122112 256 221
WRITE 122368 256 222
WRITE 122624 256 223
WRITE 122880 256 224
WRITE 123136 256 225
WRITE 123392 256 226
WRITE 123648 256 227
WRITE 123904 256 228
WRITE 124160 256 229
WRITE 124416 256 230
WRITE 124672 256 231
WRITE 124928 256 232
WRITE 125184 256 233
WRITE 125440 256 234
WRITE 125696 256 235
WRITE 125952 256 236
WRITE 126208 256 237
WRITE 126464 256 238
WRITE 126720 256 239
WRITE 126976 256 240
WRITE 127232 256 241
WRITE 127488 256 242
WRITE 127744 256 243
WRITE 128000 256 244
WRITE 128256 256 245
WRITE 128512 256 246
WRITE 128768 256 247
WRITE 129024 256 248
WRITE 129280 256 249
WRITE 129536 256 250
WRITE 129792 256 251
WRITE 130048 256 252
WRITE 130304 256 253
WRITE 130560 256 254
WRITE 130816 256 255
WRITE 131072 256 0
WRITE 131328 256 1
WRITE 131584 256 2
WRITE 131840 256 3
WRITE 132096 256 4
WRITE 132352 256 5
WRITE 132608 256 6
WRITE 132864 256 7
WRITE 133120 256 8
WRITE 133376 256 9
WRITE 133632 256 10
WRITE 133888 256 11
WRITE 134144 256 12
WRITE 134400 256 13
WRITE 134656 256 14
WRITE 134912 256 15
WRITE 135168 256 16
WRITE 135424 256 17
WRITE 135680 256 18
WRITE 135936 256 19
WRITE 136192 256 20
WRITE 136448 256 21
WRITE 136704 256 22
WRITE 136960 256 23
WRITE 137216 256 24
WRITE 137472 256 25
WRITE 137728 256 26
WRITE 137984 256 27
WRITE 138240 256 28
WRITE 138496 256 29
WRITE 138752 256 30
WRITE 139008 256 31
WRITE 139264 256 32
WRITE 139520 256 33
WRITE 139776 256 34
WRITE 140032 256 35
WRITE 140288 256 36
WRITE 140544 256 37
WRITE 140800 256 38
WRITE 141056 256 39
WRITE 141312 256 40
WRITE 141568 256 41
WRITE 141824 256 42
WRITE 142080 256 43
WRITE 142336 256 44
WRITE 142592 256 45
WRITE 142848 256 46
WRITE 143104 256 47
WRITE 143360 256 48
WRITE 143616 256 49
WRITE 143872 256 50
WRITE 144128 256 51
WRITE 144384 256 52
WRITE 144640 256 53
WRITE 144896 256 54
WRITE 145152 256 55
WRITE 145408 256 56
WRITE 145664 256 57
WRITE 145920 256 58
WRITE 146176 256 59
WRITE 146432 256 60
WRITE 146688 256 61
WRITE 146944 256 62
WRITE 147200 256 63
WRITE 147456 256 64
WRITE 147712 256 65
WRITE 147968 256 66
WRITE 148224 256 67
WRITE 148480 256 68
WRITE 148736 256 69
WRITE 148992 256 70
WRITE 149248 256 71
WRITE 149504 256 72
WRITE 149760 256 73
WRITE 150016 256 74
WRITE 150272 256 75
WRITE 150528 256 76
WRITE 150784 256 77
WRITE 151040 256 78
WRITE 151296 256 79
WRITE 151552 256 80
WRITE 151808 256 81
WRITE 152064 256 82
WRITE 152320 256 83
WRITE 152576 256 84
WRITE 152832 256 85
WRITE 153088 256 86
WRITE 153344 256 87
WRITE 153600 256 88
WRITE 153856 256 89
WRITE 154112 256 90
WRITE 154368 256 91
WRITE 154624 256 92
WRITE 154880 256 93
WRITE 155136 256 94
WRITE 155392 256 95
WRITE 155648 256 96
WRITE 155904 256 97
WRITE 156160 256 98
WRITE 156416 256 99
WRITE 156672 256 100
WRITE 156928 256 101
WRITE 157184 256 102
WRITE 157440 256 103
WRITE 157696 256 104
WRITE 157952 256 105
WRITE 158208 256 106
WRITE 158464 256 107
WRITE 158720 256 108
WRITE 158976 256 109
WRITE 159232 256 110
WRITE 159488 256 111
WRITE 159744 256 112
WRITE 160000 256 113
WRITE 160256 256 114
WRITE 160512 256 115
WRITE 160768 256 116
WRITE 161024 256 117
WRITE 161280 256 118
WRITE 161536 256 119
WRITE 161792 256 120
WRITE 162048 256 121
WRITE 162304 256 122
WRITE 162560 256 123
WRITE 162816 256 124
WRITE 163072 256 125
WRITE 163328 256 126
WRITE 163584 256 127
WRITE 163840 256 128
WRITE 164096 256 129
WRITE 164352 256 130
WRITE 164608 256 131
WRITE 164864 256 132
WRITE 165120 256 133
WRITE 165376 256 134
WRITE 165632 256 135
WRITE 165888 256 136
WRITE 166144 256 137
WRITE 166400 256 138
WRITE 166656 256 139
WRITE 166912 256 140
WRITE 167168 256 141
WRITE 167424 256 142
WRITE 167680 256 143
WRITE 167936 256 144
WRITE 168192 256 145
WRITE 168448 256 146
WRITE 168704 256 147
WRITE 168960 256 148
WRITE 169216 256 149
WRITE 169472 256 150
WRITE 169728 256 151
WRITE 169984 256 152
WRITE 170240 256 153
WRITE 170496 256 154
WRITE 170752 256 155
WRITE 171008 256 156
WRITE 171264 256 157
WRITE 171520 256 158
WRITE 171776 256 159
WRITE 172032 256 160
WRITE 172288 256 161
WRITE 172544 256 162
WRITE 172800 256 163
WRITE 173056 256 164
WRITE 173312 256 165
WRITE 173568 256 166
WRITE 173824 256 167
WRITE 174080 256 168
WRITE 174336 256 169
WRITE 174592 256 170
WRITE 174848 256 171
WRITE 175104 256 172
WRITE 175360 256 173
WRITE 175616 256 174
WRITE 175872 256 175
WRITE 176128 256 176
WRITE 176384 256 177
WRITE 176640 256 178
WRITE 176896 256 179
WRITE 177152 256 180
WRITE 177408 256 181
WRITE 177664 256 182
WRITE 177920 256 183
WRITE 178176 256 184
WRITE 178432 256 185
WRITE 178688 256 186
WRITE 178944 256 187
WRITE 179200 256 188
WRITE 179456 256 189
WRITE 179712 256 190
WRITE 179968 256 191
WRITE 180224 256 192
WRITE 180480 256 193
WRITE 180736 256 194
WRITE 180992 256 195
WRITE 181248 256 196
WRITE 181504 256 197
WRITE 181760 256 198
WRITE 182016 256 199
WRITE 182272 256 200
WRITE 182528 256 201
WRITE 182784 256 202
WRITE 183040 256 203
WRITE 183296 256 204
WRITE 183552 256 205
WRITE 183808 256 206
WRITE 184064 256 207
WRITE 184320 256 208
WRITE 184576 256 209
WRITE 184832 256 210
WRITE 185088 256 211
WRITE 185344 256 212
WRITE 185600 256 213
WRITE 185856 256 214
WRITE 186112 256 215
WRITE 186368 256 216
WRITE 186624 256 217
WRITE 186880 256 218
WRITE 187136 256 219
WRITE 187392 256 220
WRITE 187648 256 221
WRITE 187904 256 222
WRITE 188160 256 223
WRITE 188416 256 224
WRITE 188672 256 225
WRITE 188928 256 226
WRITE 189184 256 227
WRITE 189440 256 228
WRITE 189696 256 229
WRITE 189952 256 230
WRITE 190208 256 231
WRITE 190464 256 232
WRITE 190720 256 233
WRITE 190976 256 234
WRITE 191232 256 235
WRITE 191488 256 236
WRITE 191744 256 237
WRITE 192000 256 238
WRITE 192256 256 239
WRITE 192512 256 240
WRITE 192768 256 241
WRITE 193024 256 242
WRITE 193280 256 243
WRITE 193536 256 244
WRITE 193792 256 245
WRITE 194048 256 246
WRITE 194304 256 247
WRITE 194560 256 248
WRITE 194816 256 249
WRITE 195072 256 250
WRITE 195328 256 251
WRITE 195584 256 252
WRITE 195840 256 253
WRITE 196096 256 254
WRITE 196352 256 255
WRITE 196608 256 0
WRITE 196864 256 1
WRITE 197120 256 2
WRITE 197376 256 3
WRITE 197632 256 4
WRITE 197888 256 5
WRITE 198144 256 6
WRITE 198400 256 7
WRITE 198656 256 8
WRITE 198912 256 9
WRITE 199168 256 10
WRITE 199424 256 11
WRITE 199680 256 12
WRITE 199936 256 13
WRITE 200192 256 14
WRITE 200448 256 15
WRITE 200704 256 16
WRITE 200960 256 17
WRITE 201216 256 18
WRITE 201472 256 19
WRITE 201728 256 20
WRITE 201984 256 21
WRITE 202240 256 22
WRITE 202496 256 23
WRITE 202752 256 24
WRITE 203008 256 25
WRITE 203264 256 26
WRITE 203520 256 27
WRITE 203776 256 28
WRITE 204032 256 29
WRITE 204288 256 30
WRITE 204544 256 31
WRITE 204800 256 32
WRITE 205056 256 33
WRITE 205312 256 34
WRITE 205568 256 35
WRITE 205824 256 36
WRITE 206080 256 37
WRITE 206336 256 38
WRITE 206592 256 39
WRITE 206848 256 40
WRITE 207104 256 41
WRITE 207360 256 42
WRITE 207616 256 43
WRITE 207872 256 44
WRITE 208128 256 45
WRITE 208384 256 46
WRITE 208640 256 47
WRITE 208896 256 48
WRITE 209152 256 49
WRITE 209408 256 50
WRITE 209664 256 51
WRITE 209920 256 52
WRITE 210176 256 53
WRITE 210432 256 54
WRITE 210688 256 55
WRITE 210944 256 56
WRITE 211200 256 57
WRITE 211456 256 58
WRITE 211712 256 59
WRITE 211968 256 60
WRITE 212224 256 61
WRITE 212480 256 62
WRITE 212736 256 63
WRITE 212992 256 64
WRITE 213248 256 65
WRITE 213504 256 66
WRITE 213760 256 67
WRITE 214016 256 68
WRITE 214272 256 69
WRITE 214528 256 70
WRITE 214784 256 71
WRITE 215040 256 72
WRITE 215296 256 73
WRITE 215552 256 74
WRITE 215808 256 75
WRITE 216064 256 76
WRITE 216320 256 77
WRITE 216576 256 78
WRITE 216832 256 79
WRITE 217088 256 80
WRITE 217344 256 81
WRITE 217600 256 82
WRITE 217856 256 83
WRITE 218112 256 84
WRITE 218368 256 85
WRITE 218624 256 86
WRITE 218880 256 87
WRITE 219136 256 88
WRITE 219392 256 89
WRITE 219648 256 90
WRITE 219904 256 91
WRITE 220160 256 92
WRITE 220416 256 93
WRITE 220672 256 94
WRITE 220928 256 95
WRITE 221184 256 96
WRITE 221440 256 97
WRITE 221696 256 98
WRITE 221952 256 99
WRITE 222208 256 100
WRITE 222464 256 101
WRITE 222720 256 102
WRITE 222976 256 103
WRITE 223232 256 104
WRITE 223488 256 105
WRITE 223744 256 106
WRITE 224000 256 107
WRITE 224256 256 108
WRITE 224512 256 109
WRITE 224768 256 110
WRITE 225024 256 111
WRITE 225280 256 112
WRITE 225536 256 113
WRITE 225792 256 114
WRITE 226048 256 115
WRITE 226304 256 116
WRITE 226560 256 117
WRITE 226816 256 118
WRITE 227072 256 119
WRITE 227328 256 120
WRITE 227584 256 121
WRITE 227840 256 122
WRITE 228096 256 123
WRITE 228352 256 124
WRITE 228608 256 125
WRITE 228864 256 126
WRITE 229120 256 127
WRITE 229376 256 128
WRITE 229632 256 129
WRITE 229888 256 130
WRITE 230144 256 131
WRITE 230400 256 132
WRITE 230656 256 133
WRITE 230912 256 134
WRITE 231168 256 135
WRITE 231424 256 136
WRITE 231680 256 137
WRITE 231936 256 138
WRITE 232192 256 139
WRITE 232448 256 140
WRITE 232704 256 141
WRITE 232960 256 142
WRITE 233216 256 143
WRITE 233472 256 144
WRITE 233728 256 145
WRITE 233984 256 146
WRITE 234240 256 147
WRITE 234496 256 148
WRITE 234752 256 149
WRITE 235008 256 150
WRITE 235264 256 151
WRITE 235520 256 152
WRITE 235776 256 153
WRITE 236032 256 154
WRITE 236288 256 155
WRITE 236544 256 156
WRITE 236800 256 157
WRITE 237056 256 158
WRITE 237312 256 159
WRITE 237568 256 160
WRITE 237824 256 161
WRITE 238080 256 162
WRITE 238336 256 163
WRITE 238592 256 164
WRITE 238848 256 165
WRITE 239104 256 166
WRITE 239360 256 167
WRITE 239616 256 168
WRITE 239872 256 169
WRITE 240128 256 170
WRITE 240384 256 171
WRITE 240640 256 172
WRITE 240896 256 173
WRITE 241152 256 174
WRITE 241408 256 175
WRITE 241664 256 176
WRITE 241920 256 177
WRITE 242176 256 178
WRITE 242432 256 179
WRITE 242688 256 180
WRITE 242944 256 181
WRITE 243200 256 182
WRITE 243456 256 183
WRITE 243712 256 184
WRITE 243968 256 185
WRITE 244224 256 186
WRITE 244480 256 187
WRITE 244736 256 188
WRITE 244992 256 189
WRITE 245248 256 190
WRITE 245504 256 191
WRITE 245760 256 192
WRITE 246016 256 193
WRITE 246272 256 194
WRITE 246528 256 195
WRITE 246784 256 196
WRITE 247040 256 197
WRITE 247296 256 198
WRITE 247552 256 199
WRITE 247808 256 200
WRITE 248064 256 201
WRITE 248320 256 202
WRITE 248576 256 203
WRITE 248832 256 204
WRITE 249088 256 205
WRITE 249344 256 206
WRITE 249600 256 207
WRITE 249856 256 208
WRITE 250112 256 209
WRITE 250368 256 210
WRITE 250624 256 211
WRITE 250880 256 212
WRITE 251136 256 213
WRITE 251392 256 214
WRITE 251648 256 215
WRITE 251904 256 216
WRITE 252160 256 217
WRITE 252416 256 218
WRITE 252672 256 219
WRITE 252928 256 220
WRITE 253184 256 221
WRITE 253440 256 222
WRITE 253696 256 223
WRITE 253952 256 224
WRITE 254208 256 225
WRITE 254464 256 226
WRITE 254720 256 227
WRITE 254976 256 228
WRITE 255232 256 229
WRITE 255488 256 230
WRITE 255744 256 231
WRITE 256000 256 232
WRITE 256256 256 233
WRITE 256512 256 234
WRITE 256768 256 235
WRITE 257024 256 236
WRITE 257280 256 237
WRITE 257536 256 238
WRITE 257792 256 239
WRITE 258048 256 240
WRITE 258304 256 241
WRITE 258560 256 242
WRITE 258816 256 243
WRITE 259072 256 244
WRITE 259328 256 245
WRITE 259584 256 246
WRITE 259840 256 247
WRITE 260096 256 248
WRITE 260352 256 249
WRITE 260608 256 250
WRITE 260864 256 251
WRITE 261120 256 252
WRITE 261376 256 253
WRITE 261632 256 254
WRITE 261888 256 255
WRITE 262144 256 0
WRITE 262400 256 1
WRITE 262656 256 2
WRITE 262912 256 3
WRITE 263168 256 4
WRITE 263424 256 5
WRITE 263680 256 6
WRITE 263936 256 7
WRITE 264192 256 8
WRITE 264448 256 9
WRITE 264704 256 10
WRITE 264960 256 11
WRITE 265216 256 12
WRITE 265472 256 13
WRITE 265728 256 14
WRITE 265984 256 15
WRITE 266240 256 16
WRITE 266496 256 17
WRITE 266752 256 18
WRITE 267008 256 19
WRITE 267264 256 20
WRITE 267520 256 21
WRITE 267776 256 22
WRITE 268032 256 23
WRITE 268288 256 24
WRITE 268544 256 25
WRITE 268800 256 26
WRITE 269056 256 27
WRITE 269312 256 28
WRITE 269568 256 29
WRITE 269824 256 30
WRITE 270080 256 31
WRITE 270336 256 32
WRITE 270592 256 33
WRITE 270848 256 34
WRITE 271104 256 35
WRITE 271360 256 36
WRITE 271616 256 37
WRITE 271872 256 38
WRITE 272128 256 39
WRITE 272384 256 40
WRITE 272640 256 41
WRITE 272896 256 42
WRITE 273152 256 43
WRITE 273408 256 44
WRITE 273664 256 45
WRITE 273920 256 46
WRITE 274176 256 47
WRITE 274432 256 48
WRITE 274688 256 49
WRITE 274944 256 50
WRITE 275200 256 51
WRITE 275456 256 52
WRITE 275712 256 53
WRITE 275968 256 54
WRITE 276224 256 55
WRITE 276480 256 56
WRITE 276736 256 57
WRITE 276992 256 58
WRITE 277248 256 59
WRITE 277504 256 60
WRITE 277760 256 61
WRITE 278016 256 62
WRITE 278272 256 63
WRITE 278528 256 64
WRITE 278784 256 65
WRITE 279040 256 66
WRITE 279296 256 67
WRITE 279552 256 68
WRITE 279808 256 69
WRITE 280064 256 70
WRITE 280320 256 71
WRITE 280576 256 72
WRITE 280832 256 73
WRITE 281088 256 74
WRITE 281344 256 75
WRITE 281600 256 76
WRITE 281856 256 77
WRITE 282112 256 78
WRITE 282368 256 79
WRITE 282624 256 80
WRITE 282880 256 81
WRITE 283136 256 82
WRITE 283392 256 83
WRITE 283648 256 84
WRITE 283904 256 85
WRITE 284160 256 86
WRITE 284416 256 87
WRITE 284672 256 88
WRITE 284928 256 89
WRITE 285184 256 90
WRITE 285440 256 91
WRITE 285696 256 92
WRITE 285952 256 93
WRITE 286208 256 94
WRITE 286464 256 95
WRITE 286720 256 96
WRITE 286976 256 97
WRITE 287232 256 98
WRITE 287488 256 99
WRITE 287744 256 100
WRITE 288000 256 101
WRITE 288256 256 102
WRITE 288512 256 103
WRITE 288768 256 104
WRITE 289024 256 105
WRITE 289280 256 106
WRITE 289536 256 107
WRITE 289792 256 108
WRITE 290048 256 109
WRITE 290304 256 110
WRITE 290560 256 111
WRITE 290816 256 112
WRITE 291072 256 113
WRITE 291328 256 114
WRITE 291584 256 115
WRITE 291840 256 116
WRITE 292096 256 117
WRITE 292352 256 118
WRITE 292608 256 119
WRITE 292864 256 120
WRITE 293120 256 121
WRITE 293376 256 122
WRITE 293632 256 123
WRITE 293888 256 124
WRITE 294144 256 125
WRITE 294400 256 126
WRITE 294656 256 127
WRITE 294912 256 128
WRITE 295168 256 129
WRITE 295424 256 130
WRITE 295680 256 131
WRITE 295936 256 132
WRITE 296192 256 133
WRITE 296448 256 134
WRITE 296704 256 135
WRITE 296960 256 136
WRITE 297216 256 137
WRITE 297472 256 138
WRITE 297728 256 139
WRITE 297984 256 140
WRITE 298240 256 141
WRITE 298496 256 142
WRITE 298752 256 143
WRITE 299008 256 144
WRITE 299264 256 145
WRITE 299520 256 146
WRITE 299776 256 147
WRITE 300032 256 148
WRITE 300288 256 149
WRITE 300544 256 150
WRITE 300800 256 151
WRITE 301056 256 152
WRITE 301312 256 153
WRITE 301568 256 154
WRITE 301824 256 155
WRITE 302080 256 156
WRITE 302336 256 157
WRITE 302592 256 158
WRITE 302848 256 159
WRITE 303104 256 160
WRITE 303360 256 161
WRITE 303616 256 162
WRITE 303872 256 163
WRITE 304128 256 164
WRITE 304384 256 165
WRITE 304640 256 166
WRITE 304896 256 167
WRITE 305152 256 168
WRITE 305408 256 169
WRITE 305664 256 170
WRITE 305920 256 171
WRITE 306176 256 172
WRITE 306432 256 173
WRITE 306688 256 174
WRITE 306944 256 175
WRITE 307200 256 176
WRITE 307456 256 177
WRITE 307712 256 178
WRITE 307968 256 179
WRITE 308224 256 180
WRITE 308480 256 181
WRITE 308736 256 182
WRITE 308992 256 183
WRITE 309248 256 184
WRITE 309504 256 185
WRITE 309760 256 186
WRITE 310016 256 187
WRITE 310272 256 188
WRITE 310528 256 189
WRITE 310784 256 190
WRITE 311040 256 191
WRITE 311296 256 192
WRITE 311552 256 193
WRITE 311808 256 194
WRITE 312064 256 195
WRITE 312320 256 196
WRITE 312576 256 197
WRITE 312832 256 198
WRITE 313088 256 199
WRITE 313344 256 200
WRITE 313600 256 201
WRITE 313856 256 202
WRITE 314112 256 203
WRITE 314368 256 204
WRITE 314624 256 205
WRITE 314880 256 206
WRITE 315136 256 207
WRITE 315392 256 208
WRITE 315648 256 209
WRITE 315904 256 210
WRITE 316160 256 211
WRITE 316416 256 212
WRITE 316672 256 213
WRITE 316928 256 214
WRITE 317184 256 215
WRITE 317440 256 216
WRITE 317696 256 217
WRITE 317952 256 218
WRITE 318208 256 219
WRITE 318464 256 220
WRITE 318720 256 221
WRITE 318976 256 222
WRITE 319232 256 223
WRITE 319488 256 224
WRITE 319744 256 225
WRITE 320000 256 226
WRITE 320256 256 227
WRITE 320512 256 228
WRITE 320768 256 229
WRITE 321024 256 230
WRITE 321280 256 231
WRITE 321536 256 232
WRITE 321792 256 233
WRITE 322048 256 234
WRITE 322304 256 235
WRITE 322560 256 236
WRITE 322816 256 237
WRITE 323072 256 238
WRITE 323328 256 239
WRITE 323584 256 240
WRITE 323840 256 241
WRITE 324096 256 242
WRITE 324352 256 243
WRITE 324608 256 244
WRITE 324864 256 245
WRITE 325120 256 246
WRITE 325376 256 247
WRITE 325632 256 248
WRITE 325888 256 249
WRITE 326144 256 250
WRITE 326400 256 251
WRITE 326656 256 252
WRITE 326912 256 253
WRITE 327168 256 254
WRITE 327424 256 255
WRITE 327680 256 0
WRITE 327936 256 1
WRITE 328192 256 2
WRITE 328448 256 3
WRITE 328704 256 4
WRITE 328960 256 5
WRITE 329216 256 6
WRITE 329472 256 7
WRITE 329728 256 8
WRITE 329984 256 9
WRITE 330240 256 10
WRITE 330496 256 11
WRITE 330752 256 12
WRITE 331008 256 13
WRITE 331264 256 14
WRITE 331520 256 15
WRITE 331776 256 16
WRITE 332032 256 17
WRITE 332288 256 18
WRITE 332544 256 19
WRITE 332800 256 20
WRITE 333056 256 21
WRITE 333312 256 22
WRITE 333568 256 23
WRITE 333824 256 24
WRITE 334080 256 25
WRITE 334336 256 26
WRITE 334592 256 27
WRITE 334848 256 28
WRITE 335104 256 29
WRITE 335360 256 30
WRITE 335616 256 31
WRITE 335872 256 32
WRITE 336128 256 33
WRITE 336384 256 34
WRITE 336640 256 35
WRITE 336896 256 36
WRITE 337152 256 37
WRITE 337408 256 38
WRITE 337664 256 39
WRITE 337920 256 40
WRITE 338176 256 41
WRITE 338432 256 42
WRITE 338688 256 43
WRITE 338944 256 44
WRITE 339200 256 45
WRITE 339456 256 46
WRITE 339712 256 47
WRITE 339968 256 48
WRITE 340224 256 49
WRITE 340480 256 50
WRITE 340736 256 51
WRITE 340992 256 52
WRITE 341248 256 53
WRITE 341504 256 54
WRITE 341760 256 55
WRITE 342016 256 56
WRITE 342272 256 57
WRITE 342528 256 58
WRITE 342784 256 59
WRITE 343040 256 60
WRITE 343296 256 61
WRITE 343552 256 62
WRITE 343808 256 63
WRITE 344064 256 64
WRITE 344320 256 65
WRITE 344576 256 66
WRITE 344832 256 67
WRITE 345088 256 68
WRITE 345344 256 69
WRITE 345600 256 70
WRITE 345856 256 71
WRITE 346112 256 72
WRITE 346368 256 73
WRITE 346624 256 74
WRITE 346880 256 75
WRITE 347136 256 76
WRITE 347392 256 77
WRITE 347648 256 78
WRITE 347904 256 79
WRITE 348160 256 80
WRITE 348416 256 81
WRITE 348672 256 82
WRITE 348928 256 83
WRITE 349184 256 84
WRITE 349440 256 85
WRITE 349696 256 86
WRITE 349952 256 87
WRITE 350208 256 88
WRITE 350464 256 89
WRITE 350720 256 90
WRITE 350976 256 91
WRITE 351232 256 92
WRITE 351488 256 93
WRITE 351744 256 94
WRITE 352000 256 95
WRITE 352256 256 96
WRITE 352512 256 97
WRITE 352768 256 98
WRITE 353024 256 99
WRITE 353280 256 100
WRITE 353536 256 101
WRITE 353792 256 102
WRITE 354048 256 103
WRITE 354304 256 104
WRITE 354560 256 105
WRITE 354816 256 106
WRITE 355072 256 107
WRITE 355328 256 108
WRITE 355584 256 109
WRITE 355840 256 110
WRITE 356096 256 111
WRITE 356352 256 112
WRITE 356608 256 113
WRITE 356864 256 114
WRITE 357120 256 115
WRITE 357376 256 116
WRITE 357632 256 117
WRITE 357888 256 118
WRITE 358144 256 119
WRITE 358400 256 120
WRITE 358656 256 121
WRITE 358912 256 122
WRITE 359168 256 123
WRITE 359424 256 124
WRITE 359680 256 125
WRITE 359936 256 126
WRITE 360192 256 127
WRITE 360448 256 128
WRITE 360704 256 129
WRITE 360960 256 130
WRITE 361216 256 131
WRITE 361472 256 132
WRITE 361728 256 133
WRITE 361984 256 134
WRITE 362240 256 135
WRITE 362496 256 136
WRITE 362752 256 137
WRITE 363008 256 138
WRITE 363264 256 139
WRITE 363520 256 140
WRITE 363776 256 141
WRITE 364032 256 142
WRITE 364288 256 143
WRITE 364544 256 144
WRITE 364800 256 145
WRITE 365056 256 146
WRITE 365312 256 147
WRITE 365568 256 148
WRITE 365824 256 149
WRITE 366080 256 150
WRITE 366336 256 151
WRITE 366592 256 152
WRITE 366848 256 153
WRITE 367104 256 154
WRITE 367360 256 155
WRITE 367616 256 156
WRITE 367872 256 157
WRITE 368128 256 158
WRITE 368384 256 159
WRITE 368640 256 160
WRITE 368896 256 161
WRITE 369152 256 162
WRITE 369408 256 163
WRITE 369664 256 164
WRITE 369920 256 165
WRITE 370176 256 166
WRITE 370432 256 167
WRITE 370688 256 168
WRITE 370944 256 169
WRITE 371200 256 170
WRITE 371456 256 171
WRITE 371712 256 172
WRITE 371968 256 173
WRITE 372224 256 174
WRITE 372480 256 175
WRITE 372736 256 176
WRITE 372992 256 177
WRITE 373248 256 178
WRITE 373504 256 179
WRITE 373760 256 180
WRITE 374016 256 181
WRITE 374272 256 182
WRITE 374528 256 183
WRITE 374784 256 184
WRITE 375040 256 185
WRITE 375296 256 186
WRITE 375552 256 187
WRITE 375808 256 188
WRITE 376064 256 189
WRITE 376320 256 190
WRITE 376576 256 191
WRITE 376832 256 192
WRITE 377088 256 193
WRITE 377344 256 194
WRITE 377600 256 195
WRITE 377856 256 196
WRITE 378112 256 197
WRITE 378368 256 198
WRITE 378624 256 199
WRITE 378880 256 200
WRITE 379136 256 201
WRITE 379392 256 202
WRITE 379648 256 203
WRITE 379904 256 204
WRITE 380160 256 205
WRITE 380416 256 206
WRITE 380672 256 207
WRITE 380928 256 208
WRITE 381184 256 209
WRITE 381440 256 210
WRITE 381696 256 211
WRITE 381952 256 212
WRITE 382208 256 213
WRITE 382464 256 214
WRITE 382720 256 215
WRITE 382976 256 216
WRITE 383232 256 217
WRITE 383488 256 218
WRITE 383744 256 219
WRITE 384000 256 220
WRITE 384256 256 221
WRITE 384512 256 222
WRITE 384768 256 223
WRITE 385024 256 224
WRITE 385280 256 225
WRITE 385536 256 226
WRITE 385792 256 227
WRITE 386048 256 228
WRITE 386304 256 229
WRITE 386560 256 230
WRITE 386816 256 231
WRITE 387072 256 232
WRITE 387328 256 233
WRITE 387584 256 234
WRITE 387840 256 235
WRITE 388096 256 236
WRITE 388352 256 237
WRITE 388608 256 238
WRITE 388864 256 239
WRITE 389120 256 240
WRITE 389376 256 241
WRITE 389632 256 242
WRITE 389888 256 243
WRITE 390144 256 244
WRITE 390400 256 245
WRITE 390656 256 246
WRITE 390912 256 247
WRITE 391168 256 248
WRITE 391424 256 249
WRITE 391680 256 250
WRITE 391936 256 251
WRITE 392192 256 252
WRITE 392448 256 253
WRITE 392704 256 254
WRITE 392960 256 255
WRITE 393216 256 0
WRITE 393472 256 1
WRITE 393728 256 2
WRITE 393984 256 3
WRITE 394240 256 4
WRITE 394496 256 5
WRITE 394752 256 6
WRITE 395008 256 7
WRITE 395264 256 8
WRITE 395520 256 9
WRITE 395776 256 10
WRITE 396032 256 11
WRITE 396288 256 12
WRITE 396544 256 13
WRITE 396800 256 14
WRITE 397056 256 15
WRITE 397312 256 16
WRITE 397568 256 17
WRITE 397824 256 18
WRITE 398080 256 19
WRITE 398336 256 20
WRITE 398592 256 21
WRITE 398848 256 22
WRITE 399104 256 23
WRITE 399360 256 24
WRITE 399616 256 25
WRITE 399872 256 26
WRITE 400128 256 27
WRITE 400384 256 28
WRITE 400640 256 29
WRITE 400896 256 30
WRITE 401152 256 31
WRITE 401408 256 32
WRITE 401664 256 33
WRITE 401920 256 34
WRITE 402176 256 35
WRITE 402432 256 36
WRITE 402688 256 37
WRITE 402944 256 38
WRITE 403200 256 39
WRITE 403456 256 40
WRITE 403712 256 41
WRITE 403968 256 42
WRITE 404224 256 43
WRITE 404480 256 44
WRITE 404736 256 45
WRITE 404992 256 46
WRITE 405248 256 47
WRITE 405504 256 48
WRITE 405760 256 49
WRITE 406016 256 50
WRITE 406272 256 51
WRITE 406528 256 52
WRITE 406784 256 53
WRITE 407040 256 54
WRITE 407296 256 55
WRITE 407552 256 56
WRITE 407808 256 57
WRITE 408064 256 58
WRITE 408320 256 59
WRITE 408576 256 60
WRITE 408832 256 61
WRITE 409088 256 62
WRITE 409344 256 63
WRITE 409600 256 64
WRITE 409856 256 65
WRITE 410112 256 66
WRITE 410368 256 67
WRITE 410624 256 68
WRITE 410880 256 69
WRITE 411136 256 70
WRITE 411392 256 71
WRITE 411648 256 72
WRITE 411904 256 73
WRITE 412160 256 74
WRITE 412416 256 75
WRITE 412672 256 76
WRITE 412928 256 77
WRITE 413184 256 78
WRITE 413440 256 79
WRITE 413696 256 80
WRITE 413952 256 81
WRITE 414208 256 82
WRITE 414464 256 83
WRITE 414720 256 84
WRITE 414976 256 85
WRITE 415232 256 86
WRITE 415488 256 87
WRITE 415744 256 88
WRITE 416000 256 89
WRITE 416256 256 90
WRITE 416512 256 91
WRITE 416768 256 92
WRITE 417024 256 93
WRITE 417280 256 94
WRITE 417536 256 95
WRITE 417792 256 96
WRITE 418048 256 97
WRITE 418304 256 98
WRITE 418560 256 99
WRITE 418816 256 100
WRITE 419072 256 101
WRITE 419328 256 102
WRITE 419584 256 103
WRITE 419840 256 104
WRITE 420096 256 105
WRITE 420352 256 106
WRITE 420608 256 107
WRITE 420864 256 108
WRITE 421120 256 109
WRITE 421376 256 110
WRITE 421632 256 111
WRITE 421888 256 112
WRITE 422144 256 113
WRITE 422400 256 114
WRITE 422656 256 115
WRITE 422912 256 116
WRITE 423168 256 117
WRITE 423424 256 118
WRITE 423680 256 119
WRITE 423936 256 120
WRITE 424192 256 121
WRITE 424448 256 122
WRITE 424704 256 123
WRITE 424960 256 124
WRITE 425216 256 125
WRITE 425472 256 126
WRITE 425728 256 127
WRITE 425984 256 128
WRITE 426240 256 129
WRITE 426496 256 130
WRITE 426752 256 131
WRITE 427008 256 132
WRITE 427264 256 133
WRITE 427520 256 134
WRITE 427776 256 135
WRITE 428032 256 136
WRITE 428288 256 137
WRITE 428544 256 138
WRITE 428800 256 139
WRITE 429056 256 140
WRITE 429312 256 141
WRITE 429568 256 142
WRITE 429824 256 143
WRITE 430080 256 144
WRITE 430336 256 145
WRITE 430592 256 146
WRITE 430848 256 147
WRITE 431104 256 148
WRITE 431360 256 149
WRITE 431616 256 150
WRITE 431872 256 151
WRITE 432128 256 152
WRITE 432384 256 153
WRITE 432640 256 154
WRITE 432896 256 155
WRITE 433152 256 156
WRITE 433408 256 157
WRITE 433664 256 158
WRITE 433920 256 159
WRITE 434176 256 160
WRITE 434432 256 161
WRITE 434688 256 162
WRITE 434944 256 163
WRITE 435200 256 164
WRITE 435456 256 165
WRITE 435712 256 166
WRITE 435968 256 167
WRITE 436224 256 168
WRITE 436480 256 169
WRITE 436736 256 170
WRITE 436992 256 171
WRITE 437248 256 172
WRITE 437504 256 173
WRITE 437760 256 174
WRITE 438016 256 175
WRITE 438272 256 176
WRITE 438528 256 177
WRITE 438784 256 178
WRITE 439040 256 179
WRITE 439296 256 180
WRITE 439552 256 181
WRITE 439808 256 182
WRITE 440064 256 183
WRITE 440320 256 184
WRITE 440576 256 185
WRITE 440832 256 186
WRITE 441088 256 187
WRITE 441344 256 188
WRITE 441600 256 189
WRITE 441856 256 190
WRITE 442112 256 191
WRITE 442368 256 192
WRITE 442624 256 193
WRITE 442880 256 194
WRITE 443136 256 195
WRITE 443392 256 196
WRITE 443648 256 197
WRITE 443904 256 198
WRITE 444160 256 199
WRITE 444416 256 200
WRITE 444672 256 201
WRITE 444928 256 202
WRITE 445184 256 203
WRITE 445440 256 204
WRITE 445696 256 205
WRITE 445952 256 206
WRITE 446208 256 207
WRITE 446464 256 208
WRITE 446720 256 209
WRITE 446976 256 210
WRITE 447232 256 211
WRITE 447488 256 212
WRITE 447744 256 213
WRITE 448000 256 214
WRITE 448256 256 215
WRITE 448512 256 216
WRITE 448768 256 217
WRITE 449024 256 218
WRITE 449280 256 219
WRITE 449536 256 220
WRITE 449792 256 221
WRITE 450048 256 222
WRITE 450304 256 223
WRITE 450560 256 224
WRITE 450816 256 225
WRITE 451072 256 226
WRITE 451328 256 227
WRITE 451584 256 228
WRITE 451840 256 229
WRITE 452096 256 230
WRITE 452352 256 231
WRITE 452608 256 232
WRITE 452864 256 233
WRITE 453120 256 234
WRITE 453376 256 235
WRITE 453632 256 236
WRITE 453888 256 237
WRITE 454144 256 238
WRITE 454400 256 239
WRITE 454656 256 240
WRITE 454912 256 241
WRITE 455168 256 242
WRITE 455424 256 243
WRITE 455680 256 244
WRITE 455936 256 245
WRITE 456192 256 246
WRITE 456448 256 247
WRITE 456704 256 248
WRITE 456960 256 249
WRITE 457216 256 250
WRITE 457472 256 251
WRITE 457728 256 252
WRITE 457984 256 253
WRITE 458240 256 254
WRITE 458496 256 255
WRITE 458752 256 0
WRITE 459008 256 1
WRITE 459264 256 2
WRITE 459520 256 3
WRITE 459776 256 4
WRITE 460032 256 5
WRITE 460288 256 6
WRITE 460544 256 7
WRITE 460800 256 8
WRITE 461056 256 9
WRITE 461312 256 10
WRITE 461568 256 11
WRITE 461824 256 12
WRITE 462080 256 13
WRITE 462336 256 14
WRITE 462592 256 15
WRITE 462848 256 16
WRITE 463104 256 17
WRITE 463360 256 18
WRITE 463616 256 19
WRITE 463872 256 20
WRITE 464128 256 21
WRITE 464384 256 22
WRITE 464640 256 23
WRITE 464896 256 24
WRITE 465152 256 25
WRITE 465408 256 26
WRITE 465664 256 27
WRITE 465920 256 28
WRITE 466176 256 29
WRITE 466432 256 30
WRITE 466688 256 31
WRITE 466944 256 32
WRITE 467200 256 33
WRITE 467456 256 34
WRITE 467712 256 35
WRITE 467968 256 36
WRITE 468224 256 37
WRITE 468480 256 38
WRITE 468736 256 39
WRITE 468992 256 40
WRITE 469248 256 41
WRITE 469504 256 42
WRITE 469760 256 43
WRITE 470016 256 44
WRITE 470272 256 45
WRITE 470528 256 46
WRITE 470784 256 47
WRITE 471040 256 48
WRITE 471296 256 49
WRITE 471552 256 50
WRITE 471808 256 51
WRITE 472064 256 52
WRITE 472320 256 53
WRITE 472576 256 54
WRITE 472832 256 55
WRITE 473088 256 56
WRITE 473344 256 57
WRITE 473600 256 58
WRITE 473856 256 59
WRITE 474112 256 60
WRITE 474368 256 61
WRITE 474624 256 62
WRITE 474880 256 63
WRITE 475136 256 64
WRITE 475392 256 65
WRITE 475648 256 66
WRITE 475904 256 67
WRITE 476160 256 68
WRITE 476416 256 69
WRITE 476672 256 70
WRITE 476928 256 71
WRITE 477184 256 72
WRITE 477440 256 73
WRITE 477696 256 74
WRITE 477952 256 75
WRITE 478208 256 76
WRITE 478464 256 77
WRITE 478720 256 78
WRITE 478976 256 79
WRITE 479232 256 80
WRITE 479488 256 81
WRITE 479744 256 82
WRITE 480000 256 83
WRITE 480256 256 84
WRITE 480512 256 85
WRITE 480768 256 86
WRITE 481024 256 87
WRITE 481280 256 88
WRITE 481536 256 89
WRITE 481792 256 90
WRITE 482048 256 91
WRITE 482304 256 92
WRITE 482560 256 93
WRITE 482816 256 94
WRITE 483072 256 95
WRITE 483328 256 96
WRITE 483584 256 97
WRITE 483840 256 98
WRITE 484096 256 99
WRITE 484352 256 100
WRITE 484608 256 101
WRITE 484864 256 102
WRITE 485120 256 103
WRITE 485376 256 104
WRITE 485632 256 105
WRITE 485888 256 106
WRITE 486144 256 107
WRITE 486400 256 108
WRITE 486656 256 109
WRITE 486912 256 110
WRITE 487168 256 111
WRITE 487424 256 112
WRITE 487680 256 113
WRITE 487936 256 114
WRITE 488192 256 115
WRITE 488448 256 116
WRITE 488704 256 117
WRITE 488960 256 118
WRITE 489216 256 119
WRITE 489472 256 120
WRITE 489728 256 121
WRITE 489984 256 122
WRITE 490240 256 123
WRITE 490496 256 124
WRITE 490752 256 125
WRITE 491008 256 126
WRITE 491264 256 127
WRITE 491520 256 128
WRITE 491776 256 129
WRITE 492032 256 130
WRITE 492288 256 131
WRITE 492544 256 132
WRITE 492800 256 133
WRITE 493056 256 134
WRITE 493312 256 135
WRITE 493568 256 136
WRITE 493824 256 137
WRITE 494080 256 138
WRITE 494336 256 139
WRITE 494592 256 140
WRITE 494848 256 141
WRITE 495104 256 142
WRITE 495360 256 143
WRITE 495616 256 144
WRITE 495872 256 145
WRITE 496128 256 146
WRITE 496384 256 147
WRITE 496640 256 148
WRITE 496896 256 149
WRITE 497152 256 150
WRITE 497408 256 151
WRITE 497664 256 152
WRITE 497920 256 153
WRITE 498176 256 154
WRITE 498432 256 155
WRITE 498688 256 156
WRITE 498944 256 157
WRITE 499200 256 158
WRITE 499456 256 159
WRITE 499712 256 160
WRITE 499968 256 161
WRITE 500224 256 162
WRITE 500480 256 163
WRITE 500736 256 164
WRITE 500992 256 165
WRITE 501248 256 166
WRITE 501504 256 167
WRITE 501760 256 168
WRITE 502016 256 169
WRITE 502272 256 170
WRITE 502528 256 171
WRITE 502784 256 172
WRITE 503040 256 173
WRITE 503296 256 174
WRITE 503552 256 175
WRITE 503808 256 176
WRITE 504064 256 177
WRITE 504320 256 178
WRITE 504576 256 179
WRITE 504832 256 180
WRITE 505088 256 181
WRITE 505344 256 182
WRITE 505600 256 183
WRITE 505856 256 184
WRITE 506112 256 185
WRITE 506368 256 186
WRITE 506624 256 187
WRITE 506880 256 188
WRITE 507136 256 189
WRITE 507392 256 190
WRITE 507648 256 191
WRITE 507904 256 192
WRITE 508160 256 193
WRITE 508416 256 194
WRITE 508672 256 195
WRITE 508928 256 196
WRITE 509184 256 197
WRITE 509440 256 198
WRITE 509696 256 199
WRITE 509952 256 200
WRITE 510208 256 201
WRITE 510464 256 202
WRITE 510720 256 203
WRITE 510976 256 204
WRITE 511232 256 205
WRITE 511488 256 206
WRITE 511744 256 207
WRITE 512000 256 208
WRITE 512256 256 209
WRITE 512512 256 210
WRITE 512768 256 211
WRITE 513024 256 212
WRITE 513280 256 213
WRITE 513536 256 214
WRITE 513792 256 215
WRITE 514048 256 216
WRITE 514304 256 217
WRITE 514560 256 218
WRITE 514816 256 219
WRITE 515072 256 220
WRITE 515328 256 221
WRITE 515584 256 222
WRITE 515840 256 223
WRITE 516096 256 224
WRITE 516352 256 225
WRITE 516608 256 226
WRITE 516864 256 227
WRITE 517120 256 228
WRITE 517376 256 229
WRITE 517632 256 230
WRITE 517888 256 231
WRITE 518144 256 232
WRITE 518400 256 233
WRITE 518656 256 234
WRITE 518912 256 235
WRITE 519168 256 236
WRITE 519424 256 237
WRITE 519680 256 238
WRITE 519936 256 239
WRITE 520192 256 240
WRITE 520448 256 241
WRITE 520704 256 242
WRITE 520960 256 243
WRITE 521216 256 244
WRITE 521472 256 245
WRITE 521728 256 246
WRITE 521984 256 247
WRITE 522240 256 248
WRITE 522496 256 249
WRITE 522752 256 250
WRITE 523008 256 251
WRITE 523264 256 252
WRITE 523520 256 253
WRITE 523776 256 254
WRITE 524032 256 255
WRITE 524288 256 0
WRITE 524544 256 1
WRITE 524800 256 2
WRITE 525056 256 3
WRITE 525312 256 4
WRITE 525568 256 5
WRITE 525824 256 6
WRITE 526080 256 7
WRITE 526336 256 8
WRITE 526592 256 9
WRITE 526848 256 10
WRITE 527104 256 11
WRITE 527360 256 12
WRITE 527616 256 13
WRITE 527872 256 14
WRITE 528128 256 15
WRITE 528384 256 16
WRITE 528640 256 17
WRITE 528896 256 18
WRITE 529152 256 19
WRITE 529408 256 20
WRITE 529664 256 21
WRITE 529920 256 22
WRITE 530176 256 23
WRITE 530432 256 24
WRITE 530688 256 25
WRITE 530944 256 26
WRITE 531200 256 27
WRITE 531456 256 28
WRITE 531712 256 29
WRITE 531968 256 30
WRITE 532224 256 31
WRITE 532480 256 32
WRITE 532736 256 33
WRITE 532992 256 34
WRITE 533248 256 35
WRITE 533504 256 36
WRITE 533760 256 37
WRITE 534016 256 38
WRITE 534272 256 39
WRITE 534528 256 40
WRITE 534784 256 41
WRITE 535040 256 42
WRITE 535296 256 43
WRITE 535552 256 44
WRITE 535808 256 45
WRITE 536064 256 46
WRITE 536320 256 47
WRITE 536576 256 48
WRITE 536832 256 49
WRITE 537088 256 50
WRITE 537344 256 51
WRITE 537600 256 52
WRITE 537856 256 53
WRITE 538112 256 54
WRITE 538368 256 55
WRITE 538624 256 56
WRITE 538880 256 57
WRITE 539136 256 58
WRITE 539392 256 59
WRITE 539648 256 60
WRITE 539904 256 61
WRITE 540160 256 62
WRITE 540416 256 63
WRITE 540672 256 64
WRITE 540928 256 65
WRITE 541184 256 66
WRITE 541440 256 67
WRITE 541696 256 68
WRITE 541952 256 69
WRITE 542208 256 70
WRITE 542464 256 71
WRITE 542720 256 72
WRITE 542976 256 73
WRITE 543232 256 74
WRITE 543488 256 75
WRITE 543744 256 76
WRITE 544000 256 77
WRITE 544256 256 78
WRITE 544512 256 79
WRITE 544768 256 80
WRITE 545024 256 81
WRITE 545280 256 82
WRITE 545536 256 83
WRITE 545792 256 84
WRITE 546048 256 85
WRITE 546304 256 86
WRITE 546560 256 87
WRITE 546816 256 88
WRITE 547072 256 89
WRITE 547328 256 90
WRITE 547584 256 91
WRITE 547840 256 92
WRITE 548096 256 93
WRITE 548352 256 94
WRITE 548608 256 95
WRITE 548864 256 96
WRITE 549120 256 97
WRITE 549376 256 98
WRITE 549632 256 99
WRITE 549888 256 100
WRITE 550144 256 101
WRITE 550400 256 102
WRITE 550656 256 103
WRITE 550912 256 104
WRITE 551168 256 105
WRITE 551424 256 106
WRITE 551680 256 107
WRITE 551936 256 108
WRITE 552192 256 109
WRITE 552448 256 110
WRITE 552704 256 111
WRITE 552960 256 112
WRITE 553216 256 113
WRITE 553472 256 114
WRITE 553728 256 115
WRITE 553984 256 116
WRITE 554240 256 117
WRITE 554496 256 118
WRITE 554752 256 119
WRITE 555008 256 120
WRITE 555264 256 121
WRITE 555520 256 122
WRITE 555776 256 123
WRITE 556032 256 124
WRITE 556288 256 125
WRITE 556544 256 126
WRITE 556800 256 127
WRITE 557056 256 128
WRITE 557312 256 129
WRITE 557568 256 130
WRITE 557824 256 131
WRITE 558080 256 132
WRITE 558336 256 133
WRITE 558592 256 134
WRITE 558848 256 135
WRITE 559104 256 136
WRITE 559360 256 137
WRITE 559616 256 138
WRITE 559872 256 139
WRITE 560128 256 140
WRITE 560384 256 141
WRITE 560640 256 142
WRITE 560896 256 143
WRITE 561152 256 144
WRITE 561408 256 145
WRITE 561664 256 146
WRITE 561920 256 147
WRITE 562176 256 148
WRITE 562432 256 149
WRITE 562688 256 150
WRITE 562944 256 151
WRITE 563200 256 152
WRITE 563456 256 153
WRITE 563712 256 154
WRITE 563968 256 155
WRITE 564224 256 156
WRITE 564480 256 157
WRITE 564736 256 158
WRITE 564992 256 159
WRITE 565248 256 160
WRITE 565504 256 161
WRITE 565760 256 162
WRITE 566016 256 163
WRITE 566272 256 164
WRITE 566528 256 165
WRITE 566784 256 166
WRITE 567040 256 167
WRITE 567296 256 168
WRITE 567552 256 169
WRITE 567808 256 170
WRITE 568064 256 171
WRITE 568320 256 172
WRITE 568576 256 173
WRITE 568832 256 174
WRITE 569088 256 175
WRITE 569344 256 176
WRITE 569600 256 177
WRITE 569856 256 178
WRITE 570112 256 179
WRITE 570368 256 180
WRITE 570624 256 181
WRITE 570880 256 182
WRITE 571136 256 183
WRITE 571392 256 184
WRITE 571648 256 185
WRITE 571904 256 186
WRITE 572160 256 187
WRITE 572416 256 188
WRITE 572672 256 189
WRITE 572928 256 190
WRITE 573184 256 191
WRITE 573440 256 192
WRITE 573696 256 193
WRITE 573952 256 194
WRITE 574208 256 195
WRITE 574464 256 196
WRITE 574720 256 197
WRITE 574976 256 198
WRITE 575232 256 199
WRITE 575488 256 200
WRITE 575744 256 201
WRITE 576000 256 202
WRITE 576256 256 203
WRITE 576512 256 204
WRITE 576768 256 205
WRITE 577024 256 206
WRITE 577280 256 207
WRITE 577536 256 208
WRITE 577792 256 209
WRITE 578048 256 210
WRITE 578304 256 211
WRITE 578560 256 212
WRITE 578816 256 213
WRITE 579072 256 214
WRITE 579328 256 215
WRITE 579584 256 216
WRITE 579840 256 217
WRITE 580096 256 218
WRITE 580352 256 219
WRITE 580608 256 220
WRITE 580864 256 221
WRITE 581120 256 222
WRITE 581376 256 223
WRITE 581632 256 224
WRITE 581888 256 225
WRITE 582144 256 226
WRITE 582400 256 227
WRITE 582656 256 228
WRITE 582912 256 229
WRITE 583168 256 230
WRITE 583424 256 231
WRITE 583680 256 232
WRITE 583936 256 233
WRITE 584192 256 234
WRITE 584448 256 235
WRITE 584704 256 236
WRITE 584960 256 237
WRITE 585216 256 238
WRITE 585472 256 239
WRITE 585728 256 240
WRITE 585984 256 241
WRITE 586240 256 242
WRITE 586496 256 243
WRITE 586752 256 244
WRITE 587008 256 245
WRITE 587264 256 246
WRITE 587520 256 247
WRITE 587776 256 248
WRITE 588032 256 249
WRITE 588288 256 250
WRITE 588544 256 251
WRITE 588800 256 252
WRITE 589056 256 253
WRITE 589312 256 254
WRITE 589568 256 255
WRITE 589824 256 0
WRITE 590080 256 1
WRITE 590336 256 2
WRITE 590592 256 3
WRITE 590848 256 4
WRITE 591104 256 5
WRITE 591360 256 6
WRITE 591616 256 7
WRITE 591872 256 8
WRITE 592128 256 9
WRITE 592384 256 10
WRITE 592640 256 11
WRITE 592896 256 12
WRITE 593152 256 13
WRITE 593408 256 14
WRITE 593664 256 15
WRITE 593920 256 16
WRITE 594176 256 17
WRITE 594432 256 18
WRITE 594688 256 19
WRITE 594944 256 20
WRITE 595200 256 21
WRITE 595456 256 22
WRITE 595712 256 23
WRITE 595968 256 24
WRITE 596224 256 25
WRITE 596480 256 26
WRITE 596736 256 27
WRITE 596992 256 28
WRITE 597248 256 29
WRITE 597504 256 30
WRITE 597760 256 31
WRITE 598016 256 32
WRITE 598272 256 33
WRITE 598528 256 34
WRITE 598784 256 35
WRITE 599040 256 36
WRITE 599296 256 37
WRITE 599552 256 38
WRITE 599808 256 39
WRITE 600064 256 40
WRITE 600320 256 41
WRITE 600576 256 42
WRITE 600832 256 43
WRITE 601088 256 44
WRITE 601344 256 45
WRITE 601600 256 46
WRITE 601856 256 47
WRITE 602112 256 48
WRITE 602368 256 49
WRITE 602624 256 50
WRITE 602880 256 51
WRITE 603136 256 52
WRITE 603392 256 53
WRITE 603648 256 54
WRITE 603904 256 55
WRITE 604160 256 56
WRITE 604416 256 57
WRITE 604672 256 58
WRITE 604928 256 59
WRITE 605184 256 60
WRITE 605440 256 61
WRITE 605696 256 62
WRITE 605952 256 63
WRITE 606208 256 64
WRITE 606464 256 65
WRITE 606720 256 66
WRITE 606976 256 67
WRITE 607232 256 68
WRITE 607488 256 69
WRITE 607744 256 70
WRITE 608000 256 71
WRITE 608256 256 72
WRITE 608512 256 73
WRITE 608768 256 74
WRITE 609024 256 75
WRITE 609280 256 76
WRITE 609536 256 77
WRITE 609792 256 78
WRITE 610048 256 79
WRITE 610304 256 80
WRITE 610560 256 81
WRITE 610816 256 82
WRITE 611072 256 83
WRITE 611328 256 84
WRITE 611584 256 85
WRITE 611840 256 86
WRITE 612096 256 87
WRITE 612352 256 88
WRITE 612608 256 89
WRITE 612864 256 90
WRITE 613120 256 91
WRITE 613376 256 92
WRITE 613632 256 93
WRITE 613888 256 94
WRITE 614144 256 95
WRITE 614400 256 96
WRITE 614656 256 97
WRITE 614912 256 98
WRITE 615168 256 99
WRITE 615424 256 100
WRITE 615680 256 101
WRITE 615936 256 102
WRITE 616192 256 103
WRITE 616448 256 104
WRITE 616704 256 105
WRITE 616960 256 106
WRITE 617216 256 107
WRITE 617472 256 108
WRITE 617728 256 109
WRITE 617984 256 110
WRITE 618240 256 111
WRITE 618496 256 112
WRITE 618752 256 113
WRITE 619008 256 114
WRITE 619264 256 115
WRITE 619520 256 116
WRITE 619776 256 117
WRITE 620032 256 118
WRITE 620288 256 119
WRITE 620544 256 120
WRITE 620800 256 121
WRITE 621056 256 122
WRITE 621312 256 123
WRITE 621568 256 124
WRITE 621824 256 125
WRITE 622080 256 126
WRITE 622336 256 127
WRITE 622592 256 128
WRITE 622848 256 129
WRITE 623104 256 130
WRITE 623360 256 131
WRITE 623616 256 132
WRITE 623872 256 133
WRITE 624128 256 134
WRITE 624384 256 135
WRITE 624640 256 136
WRITE 624896 256 137
WRITE 625152 256 138
WRITE 625408 256 139
WRITE 625664 256 140
WRITE 625920 256 141
WRITE 626176 256 142
WRITE 626432 256 143
WRITE 626688 256 144
WRITE 626944 256 145
WRITE 627200 256 146
WRITE 627456 256 147
WRITE 627712 256 148
WRITE 627968 256 149
WRITE 628224 256 150
WRITE 628480 256 151
WRITE 628736 256 152
WRITE 628992 256 153
WRITE 629248 256 154
WRITE 629504 256 155
WRITE 629760 256 156
WRITE 630016 256 157
WRITE 630272 256 158
WRITE 630528 256 159
WRITE 630784 256 160
WRITE 631040 256 161
WRITE 631296 256 162
WRITE 631552 256 163
WRITE 631808 256 164
WRITE 632064 256 165
WRITE 632320 256 166
WRITE 632576 256 167
WRITE 632832 256 168
WRITE 633088 256 169
WRITE 633344 256 170
WRITE 633600 256 171
WRITE 633856 256 172
WRITE 634112 256 173
WRITE 634368 256 174
WRITE 634624 256 175
WRITE 634880 256 176
WRITE 635136 256 177
WRITE 635392 256 178
WRITE 635648 256 179
WRITE 635904 256 180
WRITE 636160 256 181
WRITE 636416 256 182
WRITE 636672 256 183
WRITE 636928 256 184
WRITE 637184 256 185
WRITE 637440 256 186
WRITE 637696 256 187
WRITE 637952 256 188
WRITE 638208 256 189
WRITE 638464 256 190
WRITE 638720 256 191
WRITE 638976 256 192
WRITE 639232 256 193
WRITE 639488 256 194
WRITE 639744 256 195
WRITE 640000 256 196
WRITE 640256 256 197
WRITE 640512 256 198
WRITE 640768 256 199
WRITE 641024 256 200
WRITE 641280 256 201
WRITE 641536 256 202
WRITE 641792 256 203
WRITE 642048 256 204
WRITE 642304 256 205
WRITE 642560 256 206
WRITE 642816 256 207
WRITE 643072 256 208
WRITE 643328 256 209
WRITE 643584 256 210
WRITE 643840 256 211
WRITE 644096 256 212
WRITE 644352 256 213
WRITE 644608 256 214
WRITE 644864 256 215
WRITE 645120 256 216
WRITE 645376 256 217
WRITE 645632 256 218
WRITE 645888 256 219
WRITE 646144 256 220
WRITE 646400 256 221
WRITE 646656 256 222
WRITE 646912 256 223
WRITE 647168 256 224
WRITE 647424 256 225
WRITE 647680 256 226
WRITE 647936 256 227
WRITE 648192 256 228
WRITE 648448 256 229
WRITE 648704 256 230
WRITE 648960 256 231
WRITE 649216 256 232
WRITE 649472 256 233
WRITE 649728 256 234
WRITE 649984 256 235
WRITE 650240 256 236
WRITE 650496 256 237
WRITE 650752 256 238
WRITE 651008 256 239
WRITE 651264 256 240
WRITE 651520 256 241
WRITE 651776 256 242
WRITE 652032 256 243
WRITE 652288 256 244
WRITE 652544 256 245
WRITE 652800 256 246
WRITE 653056 256 247
WRITE 653312 256 248
WRITE 653568 256 249
WRITE 653824 256 250
WRITE 654080 256 251
WRITE 654336 256 252
WRITE 654592 256 253
WRITE 654848 256 254
WRITE 655104 256 255
WRITE 655360 256 0
WRITE 655616 256 1
WRITE 655872 256 2
WRITE 656128 256 3
WRITE 656384 256 4
WRITE 656640 256 5
WRITE 656896 256 6
WRITE 657152 256 7
WRITE 657408 256 8
WRITE 657664 256 9
WRITE 657920 256 10
WRITE 658176 256 11
WRITE 658432 256 12
WRITE 658688 256 13
WRITE 658944 256 14
WRITE 659200 256 15
WRITE 659456 256 16
WRITE 659712 256 17
WRITE 659968 256 18
WRITE 660224 256 19
WRITE 660480 256 20
WRITE 660736 256 21
WRITE 660992 256 22
WRITE 661248 256 23
WRITE 661504 256 24
WRITE 661760 256 25
WRITE 662016 256 26
WRITE 662272 256 27
WRITE 662528 256 28
WRITE 662784 256 29
WRITE 663040 256 30
WRITE 663296 256 31
WRITE 663552 256 32
WRITE 663808 256 33
WRITE 664064 256 34
WRITE 664320 256 35
WRITE 664576 256 36
WRITE 664832 256 37
WRITE 665088 256 38
WRITE 665344 256 39
WRITE 665600 256 40
WRITE 665856 256 41
WRITE 666112 256 42
WRITE 666368 256 43
WRITE 666624 256 44
WRITE 666880 256 45
WRITE 667136 256 46
WRITE 667392 256 47
WRITE 667648 256 48
WRITE 667904 256 49
WRITE 668160 256 50
WRITE 668416 256 51
WRITE 668672 256 52
WRITE 668928 256 53
WRITE 669184 256 54
WRITE 669440 256 55
WRITE 669696 256 56
WRITE 669952 256 57
WRITE 670208 256 58
WRITE 670464 256 59
WRITE 670720 256 60
WRITE 670976 256 61
WRITE 671232 256 62
WRITE 671488 256 63
WRITE 671744 256 64
WRITE 672000 256 65
WRITE 672256 256 66
WRITE 672512 256 67
WRITE 672768 256 68
WRITE 673024 256 69
WRITE 673280 256 70
WRITE 673536 256 71
WRITE 673792 256 72
WRITE 674048 256 73
WRITE 674304 256 74
WRITE 674560 256 75
WRITE 674816 256 76
WRITE 675072 256 77
WRITE 675328 256 78
WRITE 675584 256 79
WRITE 675840 256 80
WRITE 676096 256 81
WRITE 676352 256 82
WRITE 676608 256 83
WRITE 676864 256 84
WRITE 677120 256 85
WRITE 677376 256 86
WRITE 677632 256 87
WRITE 677888 256 88
WRITE 678144 256 89
WRITE 678400 256 90
WRITE 678656 256 91
WRITE 678912 256 92
WRITE 679168 256 93
WRITE 679424 256 94
WRITE 679680 256 95
WRITE 679936 256 96
WRITE 680192 256 97
WRITE 680448 256 98
WRITE 680704 256 99
WRITE 680960 256 100
WRITE 681216 256 101
WRITE 681472 256 102
WRITE 681728 256 103
WRITE 681984 256 104
WRITE 682240 256 105
WRITE 682496 256 106
WRITE 682752 256 107
WRITE 683008 256 108
WRITE 683264 256 109
WRITE 683520 256 110
WRITE 683776 256 111
WRITE 684032 256 112
WRITE 684288 256 113
WRITE 684544 256 114
WRITE 684800 256 115
WRITE 685056 256 116
WRITE 685312 256 117
WRITE 685568 256 118
WRITE 685824 256 119
WRITE 686080 256 120
WRITE 686336 256 121
WRITE 686592 256 122
WRITE 686848 256 123
WRITE 687104 256 124
WRITE 687360 256 125
WRITE 687616 256 126
WRITE 687872 256 127
WRITE 688128 256 128
WRITE 688384 256 129
WRITE 688640 256 130
WRITE 688896 256 131
WRITE 689152 256 132
WRITE 689408 256 133
WRITE 689664 256 134
WRITE 689920 256 135
WRITE 690176 256 136
WRITE 690432 256 137
WRITE 690688 256 138
WRITE 690944 256 139
WRITE 691200 256 140
WRITE 691456 256 141
WRITE 691712 256 142
WRITE 691968 256 143
WRITE 692224 256 144
WRITE 692480 256 145
WRITE 692736 256 146
WRITE 692992 256 147
WRITE 693248 256 148
WRITE 693504 256 149
WRITE 693760 256 150
WRITE 694016 256 151
WRITE 694272 256 152
WRITE 694528 256 153
WRITE 694784 256 154
WRITE 695040 256 155
WRITE 695296 256 156
WRITE 695552 256 157
WRITE 695808 256 158
WRITE 696064 256 159
WRITE 696320 256 160
WRITE 696576 256 161
WRITE 696832 256 162
WRITE 697088 256 163
WRITE 697344 256 164
WRITE 697600 256 165
WRITE 697856 256 166
WRITE 698112 256 167
WRITE 698368 256 168
WRITE 698624 256 169
WRITE 698880 256 170
WRITE 699136 256 171
WRITE 699392 256 172
WRITE 699648 256 173
WRITE 699904 256 174
WRITE 700160 256 175
WRITE 700416 256 176
WRITE 700672 256 177
WRITE 700928 256 178
WRITE 701184 256 179
WRITE 701440 256 180
WRITE 701696 256 181
WRITE 701952 256 182
WRITE 702208 256 183
WRITE 702464 256 184
WRITE 702720 256 185
WRITE 702976 256 186
WRITE 703232 256 187
WRITE 703488 256 188
WRITE 703744 256 189
WRITE 704000 256 190
WRITE 704256 256 191
WRITE 704512 256 192
WRITE 704768 256 193
WRITE 705024 256 194
WRITE 705280 256 195
WRITE 705536 256 196
WRITE 705792 256 197
WRITE 706048 256 198
WRITE 706304 256 199
WRITE 706560 256 200
WRITE 706816 256 201
WRITE 707072 256 202
WRITE 707328 256 203
WRITE 707584 256 204
WRITE 707840 256 205
WRITE 708096 256 206
WRITE 708352 256 207
WRITE 708608 256 208
WRITE 708864 256 209
WRITE 709120 256 210
WRITE 709376 256 211
WRITE 709632 256 212
WRITE 709888 256 213
WRITE 710144 256 214
WRITE 710400 256 215
WRITE 710656 256 216
WRITE 710912 256 217
WRITE 711168 256 218
WRITE 711424 256 219
WRITE 711680 256 220
WRITE 711936 256 221
WRITE 712192 256 222
WRITE 712448 256 223
WRITE 712704 256 224
WRITE 712960 256 225
WRITE 713216 256 226
WRITE 713472 256 227
WRITE 713728 256 228
WRITE 713984 256 229
WRITE 714240 256 230
WRITE 714496 256 231
WRITE 714752 256 232
WRITE 715008 256 233
WRITE 715264 256 234
WRITE 715520 256 235
WRITE 715776 256 236
WRITE 716032 256 237
WRITE 716288 256 238
WRITE 716544 256 239
WRITE 716800 256 240
WRITE 717056 256 241
WRITE 717312 256 242
WRITE 717568 256 243
WRITE 717824 256 244
WRITE 718080 256 245
WRITE 718336 256 246
WRITE 718592 256 247
WRITE 718848 256 248
WRITE 719104 256 249
WRITE 719360 256 250
WRITE 719616 256 251
WRITE 719872 256 252
WRITE 720128 256 253
WRITE 720384 256 254
WRITE 720640 256 255
WRITE 720896 256 0
WRITE 721152 256 1
WRITE 721408 256 2
WRITE 721664 256 3
WRITE 721920 256 4
WRITE 722176 256 5
WRITE 722432 256 6
WRITE 722688 256 7
WRITE 722944 256 8
WRITE 723200 256 9
WRITE 723456 256 10
WRITE 723712 256 11
WRITE 723968 256 12
WRITE 724224 256 13
WRITE 724480 256 14
WRITE 724736 256 15
WRITE 724992 256 16
WRITE 725248 256 17
WRITE 725504 256 18
WRITE 725760 256 19
WRITE 726016 256 20
WRITE 726272 256 21
WRITE 726528 256 22
WRITE 726784 256 23
WRITE 727040 256 24
WRITE 727296 256 25
WRITE 727552 256 26
WRITE 727808 256 27
WRITE 728064 256 28
WRITE 728320 256 29
WRITE 728576 256 30
WRITE 728832 256 31
WRITE 729088 256 32
WRITE 729344 256 33
WRITE 729600 256 34
WRITE 729856 256 35
WRITE 730112 256 36
WRITE 730368 256 37
WRITE 730624 256 38
WRITE 730880 256 39
WRITE 731136 256 40
WRITE 731392 256 41
WRITE 731648 256 42
WRITE 731904 256 43
WRITE 732160 256 44
WRITE 732416 256 45
WRITE 732672 256 46
WRITE 732928 256 47
WRITE 733184 256 48
WRITE 733440 256 49
WRITE 733696 256 50
WRITE 733952 256 51
WRITE 734208 256 52
WRITE 734464 256 53
WRITE 734720 256 54
WRITE 734976 256 55
WRITE 735232 256 56
WRITE 735488 256 57
WRITE 735744 256 58
WRITE 736000 256 59
WRITE 736256 256 60
WRITE 736512 256 61
WRITE 736768 256 62
WRITE 737024 256 63
WRITE 737280 256 64
WRITE 737536 256 65
WRITE 737792 256 66
WRITE 738048 256 67
WRITE 738304 256 68
WRITE 738560 256 69
WRITE 738816 256 70
WRITE 739072 256 71
WRITE 739328 256 72
WRITE 739584 256 73
WRITE 739840 256 74
WRITE 740096 256 75
WRITE 740352 256 76
WRITE 740608 256 77
WRITE 740864 256 78
WRITE 741120 256 79
WRITE 741376 256 80
WRITE 741632 256 81
WRITE 741888 256 82
WRITE 742144 256 83
WRITE 742400 256 84
WRITE 742656 256 85
WRITE 742912 256 86
WRITE 743168 256 87
WRITE 743424 256 88
WRITE 743680 256 89
WRITE 743936 256 90
WRITE 744192 256 91
WRITE 744448 256 92
WRITE 744704 256 93
WRITE 744960 256 94
WRITE 745216 256 95
WRITE 745472 256 96
WRITE 745728 256 97
WRITE 745984 256 98
WRITE 746240 256 99
WRITE 746496 256 100
WRITE 746752 256 101
WRITE 747008 256 102
WRITE 747264 256 103
WRITE 747520 256 104
WRITE 747776 256 105
WRITE 748032 256 106
WRITE 748288 256 107
WRITE 748544 256 108
WRITE 748800 256 109
WRITE 749056 256 110
WRITE 749312 256 111
WRITE 749568 256 112
WRITE 749824 256 113
WRITE 750080 256 114
WRITE 750336 256 115
WRITE 750592 256 116
WRITE 750848 256 117
WRITE 751104 256 118
WRITE 751360 256 119
WRITE 751616 256 120
WRITE 751872 256 121
WRITE 752128 256 122
WRITE 752384 256 123
WRITE 752640 256 124
WRITE 752896 256 125
WRITE 753152 256 126
WRITE 753408 256 127
WRITE 753664 256 128
WRITE 753920 256 129
WRITE 754176 256 130
WRITE 754432 256 131
WRITE 754688 256 132
WRITE 754944 256 133
WRITE 755200 256 134
WRITE 755456 256 135
WRITE 755712 256 136
WRITE 755968 256 137
WRITE 756224 256 138
WRITE 756480 256 139
WRITE 756736 256 140
WRITE 756992 256 141
WRITE 757248 256 142
WRITE 757504 256 143
WRITE 757760 256 144
WRITE 758016 256 145
WRITE 758272 256 146
WRITE 758528 256 147
WRITE 758784 256 148
WRITE 759040 256 149
WRITE 759296 256 150
WRITE 759552 256 151
WRITE 759808 256 152
WRITE 760064 256 153
WRITE 760320 256 154
WRITE 760576 256 155
WRITE 760832 256 156
WRITE 761088 256 157
WRITE 761344 256 158
WRITE 761600 256 159
WRITE 761856 256 160
WRITE 762112 256 161
WRITE 762368 256 162
WRITE 762624 256 163
WRITE 762880 256 164
WRITE 763136 256 165
WRITE 763392 256 166
WRITE 763648 256 167
WRITE 763904 256 168
WRITE 764160 256 169
WRITE 764416 256 170
WRITE 764672 256 171
WRITE 764928 256 172
WRITE 765184 256 173
WRITE 765440 256 174
WRITE 765696 256 175
WRITE 765952 256 176
WRITE 766208 256 177
WRITE 766464 256 178
WRITE 766720 256 179
WRITE 766976 256 180
WRITE 767232 256 181
WRITE 767488 256 182
WRITE 767744 256 183
WRITE 768000 256 184
WRITE 768256 256 185
WRITE 768512 256 186
WRITE 768768 256 187
WRITE 769024 256 188
WRITE 769280 256 189
WRITE 769536 256 190
WRITE 769792 256 191
WRITE 770048 256 192
WRITE 770304 256 193
WRITE 770560 256 194
WRITE 770816 256 195
WRITE 771072 256 196
WRITE 771328 256 197
WRITE 771584 256 198
WRITE 771840 256 199
WRITE 772096 256 200
WRITE 772352 256 201
WRITE 772608 256 202
WRITE 772864 256 203
WRITE 773120 256 204
WRITE 773376 256 205
WRITE 773632 256 206
WRITE 773888 256 207
WRITE 774144 256 208
WRITE 774400 256 209
WRITE 774656 256 210
WRITE 774912 256 211
WRITE 775168 256 212
WRITE 775424 256 213
WRITE 775680 256 214
WRITE 775936 256 215
WRITE 776192 256 216
WRITE 776448 256 217
WRITE 776704 256 218
WRITE 776960 256 219
WRITE 777216 256 220
WRITE 777472 256 221
WRITE 777728 256 222
WRITE 777984 256 223
WRITE 778240 256 224
WRITE 778496 256 225
WRITE 778752 256 226
WRITE 779008 256 227
WRITE 779264 256 228
WRITE 779520 256 229
WRITE 779776 256 230
WRITE 780032 256 231
WRITE 780288 256 232
WRITE 780544 256 233
WRITE 780800 256 234
WRITE 781056 256 235
WRITE 781312 256 236
WRITE 781568 256 237
WRITE 781824 256 238
WRITE 782080 256 239
WRITE 782336 256 240
WRITE 782592 256 241
WRITE 782848 256 242
WRITE 783104 256 243
WRITE 783360 256 244
WRITE 783616 256 245
WRITE 783872 256 246
WRITE 784128 256 247
WRITE 784384 256 248
WRITE 784640 256 249
WRITE 784896 256 250
WRITE 785152 256 251
WRITE 785408 256 252
WRITE 785664 256 253
WRITE 785920 256 254
WRITE 786176 256 255
WRITE 786432 256 0
WRITE 786688 256 1
WRITE 786944 256 2
WRITE 787200 256 3
WRITE 787456 256 4
WRITE 787712 256 5
WRITE 787968 256 6
WRITE 788224 256 7
WRITE 788480 256 8
WRITE 788736 256 9
WRITE 788992 256 10
WRITE 789248 256 11
WRITE 789504 256 12
WRITE 789760 256 13
WRITE 790016 256 14
WRITE 790272 256 15
WRITE 790528 256 16
WRITE 790784 256 17
WRITE 791040 256 18
WRITE 791296 256 19
WRITE 791552 256 20
WRITE 791808 256 21
WRITE 792064 256 22
WRITE 792320 256 23
WRITE 792576 256 24
WRITE 792832 256 25
WRITE 793088 256 26
WRITE 793344 256 27
WRITE 793600 256 28
WRITE 793856 256 29
WRITE 794112 256 30
WRITE 794368 256 31
WRITE 794624 256 32
WRITE 794880 256 33
WRITE 795136 256 34
WRITE 795392 256 35
WRITE 795648 256 36
WRITE 795904 256 37
WRITE 796160 256 38
WRITE 796416 256 39
WRITE 796672 256 40
WRITE 796928 256 41
WRITE 797184 256 42
WRITE 797440 256 43
WRITE 797696 256 44
WRITE 797952 256 45
WRITE 798208 256 46
WRITE 798464 256 47
WRITE 798720 256 48
WRITE 798976 256 49
WRITE 799232 256 50
WRITE 799488 256 51
WRITE 799744 256 52
WRITE 800000 256 53
WRITE 800256 256 54
WRITE 800512 256 55
WRITE 800768 256 56
WRITE 801024 256 57
WRITE 801280 256 58
WRITE 801536 256 59
WRITE 801792 256 60
WRITE 802048 256 61
WRITE 802304 256 62
WRITE 802560 256 63
WRITE 802816 256 64
WRITE 803072 256 65
WRITE 803328 256 66
WRITE 803584 256 67
WRITE 803840 256 68
WRITE 804096 256 69
WRITE 804352 256 70
WRITE 804608 256 71
WRITE 804864 256 72
WRITE 805120 256 73
WRITE 805376 256 74
WRITE 805632 256 75
WRITE 805888 256 76
WRITE 806144 256 77
WRITE 806400 256 78
WRITE 806656 256 79
WRITE 806912 256 80
WRITE 807168 256 81
WRITE 807424 256 82
WRITE 807680 256 83
WRITE 807936 256 84
WRITE 808192 256 85
WRITE 808448 256 86
WRITE 808704 256 87
WRITE 808960 256 88
WRITE 809216 256 89
WRITE 809472 256 90
WRITE 809728 256 91
WRITE 809984 256 92
WRITE 810240 256 93
WRITE 810496 256 94
WRITE 810752 256 95
WRITE 811008 256 96
WRITE 811264 256 97
WRITE 811520 256 98
WRITE 811776 256 99
WRITE 812032 256 100
WRITE 812288 256 101
WRITE 812544 256 102
WRITE 812800 256 103
WRITE 813056 256 104
WRITE 813312 256 105
WRITE 813568 256 106
WRITE 813824 256 107
WRITE 814080 256 108
WRITE 814336 256 109
WRITE 814592 256 110
WRITE 814848 256 111
WRITE 815104 256 112
WRITE 815360 256 113
WRITE 815616 256 114
WRITE 815872 256 115
WRITE 816128 256 116
WRITE 816384 256 117
WRITE 816640 256 118
WRITE 816896 256 119
WRITE 817152 256 120
WRITE 817408 256 121
WRITE 817664 256 122
WRITE 817920 256 123
WRITE 818176 256 124
WRITE 818432 256 125
WRITE 818688 256 126
WRITE 818944 256 127
WRITE 819200 256 128
WRITE 819456 256 129
WRITE 819712 256 130
WRITE 819968 256 131
WRITE 820224 256 132
WRITE 820480 256 133
WRITE 820736 256 134
WRITE 820992 256 135
WRITE 821248 256 136
WRITE 821504 256 137
WRITE 821760 256 138
WRITE 822016 256 139
WRITE 822272 256 140
WRITE 822528 256 141
WRITE 822784 256 142
WRITE 823040 256 143
WRITE 823296 256 144
WRITE 823552 256 145
WRITE 823808 256 146
WRITE 824064 256 147
WRITE 824320 256 148
WRITE 824576 256 149
WRITE 824832 256 150
WRITE 825088 256 151
WRITE 825344 256 152
WRITE 825600 256 153
WRITE 825856 256 154
WRITE 826112 256 155
WRITE 826368 256 156
WRITE 826624 256 157
WRITE 826880 256 158
WRITE 827136 256 159
WRITE 827392 256 160
WRITE 827648 256 161
WRITE 827904 256 162
WRITE 828160 256 163
WRITE 828416 256 164
WRITE 828672 256 165
WRITE 828928 256 166
WRITE 829184 256 167
WRITE 829440 256 168
WRITE 829696 256 169
WRITE 829952 256 170
WRITE 830208 256 171
WRITE 830464 256 172
WRITE 830720 256 173
WRITE 830976 256 174
WRITE 831232 256 175
WRITE 831488 256 176
WRITE 831744 256 177
WRITE 832000 256 178
WRITE 832256 256 179
WRITE 832512 256 180
WRITE 832768 256 181
WRITE 833024 256 182
WRITE 833280 256 183
WRITE 833536 256 184
WRITE 833792 256 185
WRITE 834048 256 186
WRITE 834304 256 187
WRITE 834560 256 188
WRITE 834816 256 189
WRITE 835072 256 190
WRITE 835328 256 191
WRITE 835584 256 192
WRITE 835840 256 193
WRITE 836096 256 194
WRITE 836352 256 195
WRITE 836608 256 196
WRITE 836864 256 197
WRITE 837120 256 198
WRITE 837376 256 199
WRITE 837632 256 200
WRITE 837888 256 201
WRITE 838144 256 202
WRITE 838400 256 203
WRITE 838656 256 204
WRITE 838912 256 205
WRITE 839168 256 206
WRITE 839424 256 207
WRITE 839680 256 208
WRITE 839936 256 209
WRITE 840192 256 210
WRITE 840448 256 211
WRITE 840704 256 212
WRITE 840960 256 213
WRITE 841216 256 214
WRITE 841472 256 215
WRITE 841728 256 216
WRITE 841984 256 217
WRITE 842240 256 218
WRITE 842496 256 219
WRITE 842752 256 220
WRITE 843008 256 221
WRITE 843264 256 222
WRITE 843520 256 223
WRITE 843776 256 224
WRITE 844032 256 225
WRITE 844288 256 226
WRITE 844544 256 227
WRITE 844800 256 228
WRITE 845056 256 229
WRITE 845312 256 230
WRITE 845568 256 231
WRITE 845824 256 232
WRITE 846080 256 233
WRITE 846336 256 234
WRITE 846592 256 235
WRITE 846848 256 236
WRITE 847104 256 237
WRITE 847360 256 238
WRITE 847616 256 239
WRITE 847872 256 240
WRITE 848128 256 241
WRITE 848384 256 242
WRITE 848640 256 243
WRITE 848896 256 244
WRITE 849152 256 245
WRITE 849408 256 246
WRITE 849664 256 247
WRITE 849920 256 248
WRITE 850176 256 249
WRITE 850432 256 250
WRITE 850688 256 251
WRITE 850944 256 252
WRITE 851200 256 253
WRITE 851456 256 254
WRITE 851712 256 255
WRITE 851968 256 0
WRITE 852224 256 1
WRITE 852480 256 2
WRITE 852736 256 3
WRITE 852992 256 4
WRITE 853248 256 5
WRITE 853504 256 6
WRITE 853760 256 7
WRITE 854016 256 8
WRITE 854272 256 9
WRITE 854528 256 10
WRITE 854784 256 11
WRITE 855040 256 12
WRITE 855296 256 13
WRITE 855552 256 14
WRITE 855808 256 15
WRITE 856064 256 16
WRITE 856320 256 17
WRITE 856576 256 18
WRITE 856832 256 19
WRITE 857088 256 20
WRITE 857344 256 21
WRITE 857600 256 22
WRITE 857856 256 23
WRITE 858112 256 24
WRITE 858368 256 25
WRITE 858624 256 26
WRITE 858880 256 27
WRITE 859136 256 28
WRITE 859392 256 29
WRITE 859648 256 30
WRITE 859904 256 31
WRITE 860160 256 32
WRITE 860416 256 33
WRITE 860672 256 34
WRITE 860928 256 35
WRITE 861184 256 36
WRITE 861440 256 37
WRITE 861696 256 38
WRITE 861952 256 39
WRITE 862208 256 40
WRITE 862464 256 41
WRITE 862720 256 42
WRITE 862976 256 43
WRITE 863232 256 44
WRITE 863488 256 45
WRITE 863744 256 46
WRITE 864000 256 47
WRITE 864256 256 48
WRITE 864512 256 49
WRITE 864768 256 50
WRITE 865024 256 51
WRITE 865280 256 52
WRITE 865536 256 53
WRITE 865792 256 54
WRITE 866048 256 55
WRITE 866304 256 56
WRITE 866560 256 57
WRITE 866816 256 58
WRITE 867072 256 59
WRITE 867328 256 60
WRITE 867584 256 61
WRITE 867840 256 62
WRITE 868096 256 63
WRITE 868352 256 64
WRITE 868608 256 65
WRITE 868864 256 66
WRITE 869120 256 67
WRITE 869376 256 68
WRITE 869632 256 69
WRITE 869888 256 70
WRITE 870144 256 71
WRITE 870400 256 72
WRITE 870656 256 73
WRITE 870912 256 74
WRITE 871168 256 75
WRITE 871424 256 76
WRITE 871680 256 77
WRITE 871936 256 78
WRITE 872192 256 79
WRITE 872448 256 80
WRITE 872704 256 81
WRITE 872960 256 82
WRITE 873216 256 83
WRITE 873472 256 84
WRITE 873728 256 85
WRITE 873984 256 86
WRITE 874240 256 87
WRITE 874496 256 88
WRITE 874752 256 89
WRITE 875008 256 90
WRITE 875264 256 91
WRITE 875520 256 92
WRITE 875776 256 93
WRITE 876032 256 94
WRITE 876288 256 95
WRITE 876544 256 96
WRITE 876800 256 97
WRITE 877056 256 98
WRITE 877312 256 99
WRITE 877568 256 100
WRITE 877824 256 101
WRITE 878080 256 102
WRITE 878336 256 103
WRITE 878592 256 104
WRITE 878848 256 105
WRITE 879104 256 106
WRITE 879360 256 107
WRITE 879616 256 108
WRITE 879872 256 109
WRITE 880128 256 110
WRITE 880384 256 111
WRITE 880640 256 112
WRITE 880896 256 113
WRITE 881152 256 114
WRITE 881408 256 115
WRITE 881664 256 116
WRITE 881920 256 117
WRITE 882176 256 118
WRITE 882432 256 119
WRITE 882688 256 120
WRITE 882944 256 121
WRITE 883200 256 122
WRITE 883456 256 123
WRITE 883712 256 124
WRITE 883968 256 125
WRITE 884224 256 126
WRITE 884480 256 127
WRITE 884736 256 128
WRITE 884992 256 129
WRITE 885248 256 130
WRITE 885504 256 131
WRITE 885760 256 132
WRITE 886016 256 133
WRITE 886272 256 134
WRITE 886528 256 135
WRITE 886784 256 136
WRITE 887040 256 137
WRITE 887296 256 138
WRITE 887552 256 139
WRITE 887808 256 140
WRITE 888064 256 141
WRITE 888320 256 142
WRITE 888576 256 143
WRITE 888832 256 144
WRITE 889088 256 145
WRITE 889344 256 146
WRITE 889600 256 147
WRITE 889856 256 148
WRITE 890112 256 149
WRITE 890368 256 150
WRITE 890624 256 151
WRITE 890880 256 152
WRITE 891136 256 153
WRITE 891392 256 154
WRITE 891648 256 155
WRITE 891904 256 156
WRITE 892160 256 157
WRITE 892416 256 158
WRITE 892672 256 159
WRITE 892928 256 160
WRITE 893184 256 161
WRITE 893440 256 162
WRITE 893696 256 163
WRITE 893952 256 164
WRITE 894208 256 165
WRITE 894464 256 166
WRITE 894720 256 167
WRITE 894976 256 168
WRITE 895232 256 169
WRITE 895488 256 170
WRITE 895744 256 171
WRITE 896000 256 172
WRITE 896256 256 173
WRITE 896512 256 174
WRITE 896768 256 175
WRITE 897024 256 176
WRITE 897280 256 177
WRITE 897536 256 178
WRITE 897792 256 179
WRITE 898048 256 180
WRITE 898304 256 181
WRITE 898560 256 182
WRITE 898816 256 183
WRITE 899072 256 184
WRITE 899328 256 185
WRITE 899584 256 186
WRITE 899840 256 187
WRITE 900096 256 188
WRITE 900352 256 189
WRITE 900608 256 190
WRITE 900864 256 191
WRITE 901120 256 192
WRITE 901376 256 193
WRITE 901632 256 194
WRITE 901888 256 195
WRITE 902144 256 196
WRITE 902400 256 197
WRITE 902656 256 198
WRITE 902912 256 199
WRITE 903168 256 200
WRITE 903424 256 201
WRITE 903680 256 202
WRITE 903936 256 203
WRITE 904192 256 204
WRITE 904448 256 205
WRITE 904704 256 206
WRITE 904960 256 207
WRITE 905216 256 208
WRITE 905472 256 209
WRITE 905728 256 210
WRITE 905984 256 211
WRITE 906240 256 212
WRITE 906496 256 213
WRITE 906752 256 214
WRITE 907008 256 215
WRITE 907264 256 216
WRITE 907520 256 217
WRITE 907776 256 218
WRITE 908032 256 219
WRITE 908288 256 220
WRITE 908544 256 221
WRITE 908800 256 222
WRITE 909056 256 223
WRITE 909312 256 224
WRITE 909568 256 225
WRITE 909824 256 226
WRITE 910080 256 227
WRITE 910336 256 228
WRITE 910592 256 229
WRITE 910848 256 230
WRITE 911104 256 231
WRITE 911360 256 232
WRITE 911616 256 233
WRITE 911872 256 234
WRITE 912128 256 235
WRITE 912384 256 236
WRITE 912640 256 237
WRITE 912896 256 238
WRITE 913152 256 239
WRITE 913408 256 240
WRITE 913664 256 241
WRITE 913920 256 242
WRITE 914176 256 243
WRITE 914432 256 244
WRITE 914688 256 245
WRITE 914944 256 246
WRITE 915200 256 247
WRITE 915456 256 248
WRITE 915712 256 249
WRITE 915968 256 250
WRITE 916224 256 251
WRITE 916480 256 252
WRITE 916736 256 253
WRITE 916992 256 254
WRITE 917248 256 255
WRITE 917504 256 0
WRITE 917760 256 1
WRITE 918016 256 2
WRITE 918272 256 3
WRITE 918528 256 4
WRITE 918784 256 5
WRITE 919040 256 6
WRITE 919296 256 7
WRITE 919552 256 8
WRITE 919808 256 9
WRITE 920064 256 10
WRITE 920320 256 11
WRITE 920576 256 12
WRITE 920832 256 13
WRITE 921088 256 14
WRITE 921344 256 15
WRITE 921600 256 16
WRITE 921856 256 17
WRITE 922112 256 18
WRITE 922368 256 19
WRITE 922624 256 20
WRITE 922880 256 21
WRITE 923136 256 22
WRITE 923392 256 23
WRITE 923648 256 24
WRITE 923904 256 25
WRITE 924160 256 26
WRITE 924416 256 27
WRITE 924672 256 28
WRITE 924928 256 29
WRITE 925184 256 30
WRITE 925440 256 31
WRITE 925696 256 32
WRITE 925952 256 33
WRITE 926208 256 34
WRITE 926464 256 35
WRITE 926720 256 36
WRITE 926976 256 37
WRITE 927232 256 38
WRITE 927488 256 39
WRITE 927744 256 40
WRITE 928000 256 41
WRITE 928256 256 42
WRITE 928512 256 43
WRITE 928768 256 44
WRITE 929024 256 45
WRITE 929280 256 46
WRITE 929536 256 47
WRITE 929792 256 48
WRITE 930048 256 49
WRITE 930304 256 50
WRITE 930560 256 51
WRITE 930816 256 52
WRITE 931072 256 53
WRITE 931328 256 54
WRITE 931584 256 55
WRITE 931840 256 56
WRITE 932096 256 57
WRITE 932352 256 58
WRITE 932608 256 59
WRITE 932864 256 60
WRITE 933120 256 61
WRITE 933376 256 62
WRITE 933632 256 63
WRITE 933888 256 64
WRITE 934144 256 65
WRITE 934400 256 66
WRITE 934656 256 67
WRITE 934912 256 68
WRITE 935168 256 69
WRITE 935424 256 70
WRITE 935680 256 71
WRITE 935936 256 72
WRITE 936192 256 73
WRITE 936448 256 74
WRITE 936704 256 75
WRITE 936960 256 76
WRITE 937216 256 77
WRITE 937472 256 78
WRITE 937728 256 79
WRITE 937984 256 80
WRITE 938240 256 81
WRITE 938496 256 82
WRITE 938752 256 83
WRITE 939008 256 84
WRITE 939264 256 85
WRITE 939520 256 86
WRITE 939776 256 87
WRITE 940032 256 88
WRITE 940288 256 89
WRITE 940544 256 90
WRITE 940800 256 91
WRITE 941056 256 92
WRITE 941312 256 93
WRITE 941568 256 94
WRITE 941824 256 95
WRITE 942080 256 96
WRITE 942336 256 97
WRITE 942592 256 98
WRITE 942848 256 99
WRITE 943104 256 100
WRITE 943360 256 101
WRITE 943616 256 102
WRITE 943872 256 103
WRITE 944128 256 104
WRITE 944384 256 105
WRITE 944640 256 106
WRITE 944896 256 107
WRITE 945152 256 108
WRITE 945408 256 109
WRITE 945664 256 110
WRITE 945920 256 111
WRITE 946176 256 112
WRITE 946432 256 113
WRITE 946688 256 114
WRITE 946944 256 115
WRITE 947200 256 116
WRITE 947456 256 117
WRITE 947712 256 118
WRITE 947968 256 119
WRITE 948224 256 120
WRITE 948480 256 121
WRITE 948736 256 122
WRITE 948992 256 123
WRITE 949248 256 124
WRITE 949504 256 125
WRITE 949760 256 126
WRITE 950016 256 127
WRITE 950272 256 128
WRITE 950528 256 129
WRITE 950784 256 130
WRITE 951040 256 131
WRITE 951296 256 132
WRITE 951552 256 133
WRITE 951808 256 134
WRITE 952064 256 135
WRITE 952320 256 136
WRITE 952576 256 137
WRITE 952832 256 138
WRITE 953088 256 139
WRITE 953344 256 140
WRITE 953600 256 141
WRITE 953856 256 142
WRITE 954112 256 143
WRITE 954368 256 144
WRITE 954624 256 145
WRITE 954880 256 146
WRITE 955136 256 147
WRITE 955392 256 148
WRITE 955648 256 149
WRITE 955904 256 150
WRITE 956160 256 151
WRITE 956416 256 152
WRITE 956672 256 153
WRITE 956928 256 154
WRITE 957184 256 155
WRITE 957440 256 156
WRITE 957696 256 157
WRITE 957952 256 158
WRITE 958208 256 159
WRITE 958464 256 160
WRITE 958720 256 161
WRITE 958976 256 162
WRITE 959232 256 163
WRITE 959488 256 164
WRITE 959744 256 165
WRITE 960000 256 166
WRITE 960256 256 167
WRITE 960512 256 168
WRITE 960768 256 169
WRITE 961024 256 170
WRITE 961280 256 171
WRITE 961536 256 172
WRITE 961792 256 173
WRITE 962048 256 174
WRITE 962304 256 175
WRITE 962560 256 176
WRITE 962816 256 177
WRITE 963072 256 178
WRITE 963328 256 179
WRITE 963584 256 180
WRITE 963840 256 181
WRITE 964096 256 182
WRITE 964352 256 183
WRITE 964608 256 184
WRITE 964864 256 185
WRITE 965120 256 186
WRITE 965376 256 187
WRITE 965632 256 188
WRITE 965888 256 189
WRITE 966144 256 190
WRITE 966400 256 191
WRITE 966656 256 192
WRITE 966912 256 193
WRITE 967168 256 194
WRITE 967424 256 195
WRITE 967680 256 196
WRITE 967936 256 197
WRITE 968192 256 198
WRITE 968448 256 199
WRITE 968704 256 200
WRITE 968960 256 201
WRITE 969216 256 202
WRITE 969472 256 203
WRITE 969728 256 204
WRITE 969984 256 205
WRITE 970240 256 206
WRITE 970496 256 207
WRITE 970752 256 208
WRITE 971008 256 209
WRITE 971264 256 210
WRITE 971520 256 211
WRITE 971776 256 212
WRITE 972032 256 213
WRITE 972288 256 214
WRITE 972544 256 215
WRITE 972800 256 216
WRITE 973056 256 217
WRITE 973312 256 218
WRITE 973568 256 219
WRITE 973824 256 220
WRITE 974080 256 221
WRITE 974336 256 222
WRITE 974592 256 223
WRITE 974848 256 224
WRITE 975104 256 225
WRITE 975360 256 226
WRITE 975616 256 227
WRITE 975872 256 228
WRITE 976128 256 229
WRITE 976384 256 230
WRITE 976640 256 231
WRITE 976896 256 232
WRITE 977152 256 233
WRITE 977408 256 234
WRITE 977664 256 235
WRITE 977920 256 236
WRITE 978176 256 237
WRITE 978432 256 238
WRITE 978688 256 239
WRITE 978944 256 240
WRITE 979200 256 241
WRITE 979456 256 242
WRITE 979712 256 243
WRITE 979968 256 244
WRITE 980224 256 245
WRITE 980480 256 246
WRITE 980736 256 247
WRITE 980992 256 248
WRITE 981248 256 249
WRITE 981504 256 250
WRITE 981760 256 251
WRITE 982016 256 252
WRITE 982272 256 253
WRITE 982528 256 254
WRITE 982784 256 255
WRITE 983040 256 0
WRITE 983296 256 1
WRITE 983552 256 2
WRITE 983808 256 3
WRITE 984064 256 4
WRITE 984320 256 5
WRITE 984576 256 6
WRITE 984832 256 7
WRITE 985088 256 8
WRITE 985344 256 9
WRITE 985600 256 10
WRITE 985856 256 11
WRITE 986112 256 12
WRITE 986368 256 13
WRITE 986624 256 14
WRITE 986880 256 15
WRITE 987136 256 16
WRITE 987392 256 17
WRITE 987648 256 18
WRITE 987904 256 19
WRITE 988160 256 20
WRITE 988416 256 21
WRITE 988672 256 22
WRITE 988928 256 23
WRITE 989184 256 24
WRITE 989440 256 25
WRITE 989696 256 26
WRITE 989952 256 27
WRITE 990208 256 28
WRITE 990464 256 29
WRITE 990720 256 30
WRITE 990976 256 31
WRITE 991232 256 32
WRITE 991488 256 33
WRITE 991744 256 34
WRITE 992000 256 35
WRITE 992256 256 36
WRITE 992512 256 37
WRITE 992768 256 38
WRITE 993024 256 39
WRITE 993280 256 40
WRITE 993536 256 41
WRITE 993792 256 42
WRITE 994048 256 43
WRITE 994304 256 44
WRITE 994560 256 45
WRITE 994816 256 46
WRITE 995072 256 47
WRITE 995328 256 48
WRITE 995584 256 49
WRITE 995840 256 50
WRITE 996096 256 51
WRITE 996352 256 52
WRITE 996608 256 53
WRITE 996864 256 54
WRITE 997120 256 55
WRITE 997376 256 56
WRITE 997632 256 57
WRITE 997888 256 58
WRITE 998144 256 59
WRITE 998400 256 60
WRITE 998656 256 61
WRITE 998912 256 62
WRITE 999168 256 63
WRITE 999424 256 64
WRITE 999680 256 65
WRITE 999936 256 66
WRITE 1000192 256 67
WRITE 1000448 256 68
WRITE 1000704 256 69
WRITE 1000960 256 70
WRITE 1001216 256 71
WRITE 1001472 256 72
WRITE 1001728 256 73
WRITE 1001984 256 74
WRITE 1002240 256 75
WRITE 1002496 256 76
WRITE 1002752 256 77
WRITE 1003008 256 78
WRITE 1003264 256 79
WRITE 1003520 256 80
WRITE 1003776 256 81
WRITE 1004032 256 82
WRITE 1004288 256 83
WRITE 1004544 256 84
WRITE 1004800 256 85
WRITE 1005056 256 86
WRITE 1005312 256 87
WRITE 1005568 256 88
WRITE 1005824 256 89
WRITE 1006080 256 90
WRITE 1006336 256 91
WRITE 1006592 256 92
WRITE 1006848 256 93
WRITE 1007104 256 94
WRITE 1007360 256 95
WRITE 1007616 256 96
WRITE 1007872 256 97
WRITE 1008128 256 98
WRITE 1008384 256 99
WRITE 1008640 256 100
WRITE 1008896 256 101
WRITE 1009152 256 102
WRITE 1009408 256 103
WRITE 1009664 256 104
WRITE 1009920 256 105
WRITE 1010176 256 106
WRITE 1010432 256 107
WRITE 1010688 256 108
WRITE 1010944 256 109
WRITE 1011200 256 110
WRITE 1011456 256 111
WRITE 1011712 256 112
WRITE 1011968 256 113
WRITE 1012224 256 114
WRITE 1012480 256 115
WRITE 1012736 256 116
WRITE 1012992 256 117
WRITE 1013248 256 118
WRITE 1013504 256 119
WRITE 1013760 256 120
WRITE 1014016 256 121
WRITE 1014272 256 122
WRITE 1014528 256 123
WRITE 1014784 256 124
WRITE 1015040 256 125
WRITE 1015296 256 126
WRITE 1015552 256 127
WRITE 1015808 256 128
WRITE 1016064 256 129
WRITE 1016320 256 130
WRITE 1016576 256 131
WRITE 1016832 256 132
WRITE 1017088 256 133
WRITE 1017344 256 134
WRITE 1017600 256 135
WRITE 1017856 256 136
WRITE 1018112 256 137
WRITE 1018368 256 138
WRITE 1018624 256 139
WRITE 1018880 256 140
WRITE 1019136 256 141
WRITE 1019392 256 142
WRITE 1019648 256 143
WRITE 1019904 256 144
WRITE 1020160 256 145
WRITE 1020416 256 146
WRITE 1020672 256 147
WRITE 1020928 256 148
WRITE 1021184 256 149
WRITE 1021440 256 150
WRITE 1021696 256 151
WRITE 1021952 256 152
WRITE 1022208 256 153
WRITE 1022464 256 154
WRITE 1022720 256 155
WRITE 1022976 256 156
WRITE 1023232 256 157
WRITE 1023488 256 158
WRITE 1023744 256 159
WRITE 1024000 256 160
WRITE 1024256 256 161
WRITE 1024512 256 162
WRITE 1024768 256 163
WRITE 1025024 256 164
WRITE 1025280 256 165
WRITE 1025536 256 166
WRITE 1025792 256 167
WRITE 1026048 256 168
WRITE 1026304 256 169
WRITE 1026560 256 170
WRITE 1026816 256 171
WRITE 1027072 256 172
WRITE 1027328 256 173
WRITE 1027584 256 174
WRITE 1027840 256 175
WRITE 1028096 256 176
WRITE 1028352 256 177
WRITE 1028608 256 178
WRITE 1028864 256 179
WRITE 1029120 256 180
WRITE 1029376 256 181
WRITE 1029632 256 182
WRITE 1029888 256 183
WRITE 1030144 256 184
WRITE 1030400 256 185
WRITE 1030656 256 186
WRITE 1030912 256 187
WRITE 1031168 256 188
WRITE 1031424 256 189
WRITE 1031680 256 190
WRITE 1031936 256 191
WRITE 1032192 256 192
WRITE 1032448 256 193
WRITE 1032704 256 194
WRITE 1032960 256 195
WRITE 1033216 256 196
WRITE 1033472 256 197
WRITE 1033728 256 198
WRITE 1033984 256 199
WRITE 1034240 256 200
WRITE 1034496 256 201
WRITE 1034752 256 202
WRITE 1035008 256 203
WRITE 1035264 256 204
WRITE 1035520 256 205
WRITE 1035776 256 206
WRITE 1036032 256 207
WRITE 1036288 256 208
WRITE 1036544 256 209
WRITE 1036800 256 210
WRITE 1037056 256 211
WRITE 1037312 256 212
WRITE 1037568 256 213
WRITE 1037824 256 214
WRITE 1038080 256 215
WRITE 1038336 256 216
WRITE 1038592 256 217
WRITE 1038848 256 218
WRITE 1039104 256 219
WRITE 1039360 256 220
WRITE 1039616 256 221
WRITE 1039872 256 222
WRITE 1040128 256 223
WRITE 1040384 256 224
WRITE 1040640 256 225
WRITE 1040896 256 226
WRITE 1041152 256 227
WRITE 1041408 256 228
WRITE 1041664 256 229
WRITE 1041920 256 230
WRITE 1042176 256 231
WRITE 1042432 256 232
WRITE 1042688 256 233
WRITE 1042944 256 234
WRITE 1043200 256 235
WRITE 1043456 256 236
WRITE 1043712 256 237
WRITE 1043968 256 238
WRITE 1044224 256 239
WRITE 1044480 256 240
WRITE 1044736 256 241
WRITE 1044992 256 242
WRITE 1045248 256 243
WRITE 1045504 256 244
WRITE 1045760 256 245
WRITE 1046016 256 246
WRITE 1046272 256 247
WRITE 1046528 256 248
WRITE 1046784 256 249
WRITE 1047040 256 250
WRITE 1047296 256 251
WRITE 1047552 256 252
WRITE 1047808 256 253
WRITE 1048064 256 254
WRITE 1048320 256 255
SIGNALL
UNMOUNT
