MOUNT
WRITE 0 933 169
WRITE 933 49 253
WRITE 982 489 185
WRITE 1471 257 207
WRITE 1728 417 74
WRITE 2145 338 106
WRITE 2483 720 143
WRITE 3203 871 104
WRITE 4074 611 27
WRITE 4685 964 189
WRITE 5649 672 170
WRITE 6321 1017 228
WRITE 7338 277 37
WRITE 7615 702 43
WRITE 8317 134 33
WRITE 8451 910 105
WRITE 9361 519 88
WRITE 9880 252 66
WRITE 10132 656 237
WRITE 10788 413 69
WRITE 11201 11 212
WRITE 11212 638 196
WRITE 11850 725 253
WRITE 12575 29 200
WRITE 12604 764 144
WRITE 13368 92 46
WRITE 13460 268 124
WRITE 13728 251 232
WRITE 13979 447 89
WRITE 14426 940 23
WRITE 15366 449 2
WRITE 15815 870 197
WRITE 16685 698 62
WRITE 17383 126 36
WRITE 17509 633 210
WRITE 18142 741 83
WRITE 18883 312 176
WRITE 19195 478 180
WRITE 19673 443 59
WRITE 20116 675 128
WRITE 20791 855 23
WRITE 21646 225 201
WRITE 21871 555 19
WRITE 22426 279 254
WRITE 22705 335 139
WRITE 23040 847 190
WRITE 23887 302 205
WRITE 24189 771 70
WRITE 24960 939 139
WRITE 25899 261 25
WRITE 26160 40 226
WRITE 26200 895 136
WRITE 27095 314 111
WRITE 27409 217 29
WRITE 27626 481 88
WRITE 28107 865 37
WRITE 28972 985 202
WRITE 29957 627 175
WRITE 30584 427 27
WRITE 31011 693 35
WRITE 31704 596 90
WRITE 32300 960 2
WRITE 33260 329 157
WRITE 33589 166 50
WRITE 33755 569 208
WRITE 34324 721 125
WRITE 35045 138 34
WRITE 35183 334 160
WRITE 35517 96 125
WRITE 35613 457 170
WRITE 36070 967 47
WRITE 37037 802 177
WRITE 37839 450 233
WRITE 38289 78 137
WRITE 38367 790 165
WRITE 39157 237 177
WRITE 39394 138 214
WRITE 39532 704 249
WRITE 40236 571 157
WRITE 40807 948 156
WRITE 41755 285 255
WRITE 42040 708 63
WRITE 42748 780 21
WRITE 43528 305 5
WRITE 43833 720 223
WRITE 44553 788 124
WRITE 45341 556 204
WRITE 45897 162 151
WRITE 46059 466 18
WRITE 46525 619 160
WRITE 47144 339 248
WRITE 47483 776 52
WRITE 48259 595 179
WRITE 48854 819 183
WRITE 49673 842 58
WRITE 50515 1015 91
WRITE 51530 122 140
WRITE 51652 1003 139
WRITE 52655 166 216
WRITE 52821 935 225
WRITE 53756 465 123
WRITE 54221 131 117
WRITE 54352 513 136
WRITE 54865 796 54
WRITE 55661 212 78
WRITE 55873 647 177
WRITE 56520 11 205
WRITE 56531 272 181
WRITE 56803 291 14
WRITE 57094 788 179
WRITE 57882 888 122
WRITE 58770 348 14
WRITE 59118 560 110
WRITE 59678 262 135
WRITE 59940 378 240
WRITE 60318 469 103
WRITE 60787 762 3
WRITE 61549 961 184
WRITE 62510 330 110
WRITE 62840 192 192
WRITE 63032 766 77
WRITE 63798 762 153
WRITE 64560 1010 3
WRITE 65570 220 76
WRITE 65790 214 172
WRITE 66004 489 195
WRITE 66493 246 88
WRITE 66739 410 197
WRITE 67149 871 179
WRITE 68020 577 132
WRITE 68597 223 194
WRITE 68820 502 1
WRITE 69322 717 115
WRITE 70039 796 203
WRITE 70835 852 86
WRITE 71687 298 29
WRITE 71985 92 189
WRITE 72077 1006 211
WRITE 73083 814 12
WRITE 73897 455 40
WRITE 74352 367 185
WRITE 74719 319 244
WRITE 75038 844 255
WRITE 75882 369 84
WRITE 76251 481 242
WRITE 76732 862 6
WRITE 77594 891 159
WRITE 78485 554 252
WRITE 79039 893 80
WRITE 79932 154 8
WRITE 80086 498 55
WRITE 80584 395 232
WRITE 80979 251 37
WRITE 81230 318 254
WRITE 81548 645 12
WRITE 82193 886 211
WRITE 83079 319 93
WRITE 83398 463 111
WRITE 83861 140 150
WRITE 84001 338 128
WRITE 84339 491 233
WRITE 84830 734 188
WRITE 85564 40 181
WRITE 85604 533 138
WRITE 86137 617 63
WRITE 86754 547 60
WRITE 87301 410 104
WRITE 87711 749 239
WRITE 88460 256 3
WRITE 88716 100 236
WRITE 88816 719 124
WRITE 89535 524 47
WRITE 90059 162 173
WRITE 90221 547 84
WRITE 90768 726 80
WRITE 91494 347 223
WRITE 91841 419 242
WRITE 92260 292 53
WRITE 92552 293 133
WRITE 92845 686 103
WRITE 93531 129 142
WRITE 93660 626 147
WRITE 94286 683 4
WRITE 94969 93 2
WRITE 95062 679 71
WRITE 95741 371 182
WRITE 96112 1001 125
WRITE 97113 784 176
WRITE 97897 99 150
WRITE 97996 482 54
WRITE 98478 296 137
WRITE 98774 1015 183
WRITE 99789 890 187
WRITE 100679 163 119
WRITE 100842 1000 31
WRITE 101842 692 108
WRITE 102534 329 13
WRITE 102863 997 208
WRITE 103860 742 113
WRITE 104602 622 244
WRITE 105224 32 136
WRITE 105256 633 74
WRITE 105889 977 37
WRITE 106866 202 181
WRITE 107068 508 18
WRITE 107576 295 173
WRITE 107871 256 254
WRITE 108127 106 61
WRITE 108233 644 92
WRITE 108877 599 218
WRITE 109476 761 7
WRITE 110237 155 8
WRITE 110392 886 36
WRITE 111278 158 34
WRITE 111436 736 12
WRITE 112172 122 149
WRITE 112294 452 158
WRITE 112746 221 252
WRITE 112967 370 67
WRITE 113337 1004 44
WRITE 114341 668 119
WRITE 115009 720 79
WRITE 115729 964 7
WRITE 116693 930 16
WRITE 117623 282 37
WRITE 117905 432 152
WRITE 118337 884 251
WRITE 119221 819 228
WRITE 120040 666 161
WRITE 120706 218 174
WRITE 120924 538 153
WRITE 121462 467 242
WRITE 121929 94 209
WRITE 122023 457 221
WRITE 122480 907 26
WRITE 123387 781 5
WRITE 124168 278 136
WRITE 124446 15 183
WRITE 124461 674 63
WRITE 125135 30 115
WRITE 125165 431 219
WRITE 125596 444 185
WRITE 126040 265 22
WRITE 126305 437 192
WRITE 126742 59 113
WRITE 126801 928 133
WRITE 127729 827 101
WRITE 128556 945 202
WRITE 129501 80 148
WRITE 129581 835 40
WRITE 130416 686 22
WRITE 131102 857 218
WRITE 131959 159 19
WRITE 132118 372 215
WRITE 132490 928 212
WRITE 133418 696 150
WRITE 134114 485 82
WRITE 134599 457 56
WRITE 135056 956 139
WRITE 136012 664 98
WRITE 136676 801 210
WRITE 137477 568 5
WRITE 138045 924 185
WRITE 138969 852 150
WRITE 139821 501 77
WRITE 140322 225 221
WRITE 140547 830 103
WRITE 141377 99 237
WRITE 141476 605 252
WRITE 142081 381 120
WRITE 142462 657 205
WRITE 143119 197 98
WRITE 143316 165 124
WRITE 143481 736 90
WRITE 144217 244 214
WRITE 144461 223 209
WRITE 144684 434 154
WRITE 145118 150 144
WRITE 145268 395 87
WRITE 145663 976 63
WRITE 146639 475 79
WRITE 147114 589 34
WRITE 147703 869 164
WRITE 148572 960 240
WRITE 149532 941 35
WRITE 150473 276 33
WRITE 150749 726 95
WRITE 151475 920 234
WRITE 152395 940 210
WRITE 153335 711 110
WRITE 154046 990 174
WRITE 155036 292 153
WRITE 155328 763 210
WRITE 156091 680 194
WRITE 156771 684 217
WRITE 157455 776 29
WRITE 158231 100 43
WRITE 158331 734 86
WRITE 159065 1 167
WRITE 159066 493 251
WRITE 159559 246 206
WRITE 159805 481 46
WRITE 160286 494 44
WRITE 160780 51 61
WRITE 160831 553 165
WRITE 161384 578 101
WRITE 161962 484 11
WRITE 162446 364 36
WRITE 162810 315 81
WRITE 163125 420 214
WRITE 163545 935 73
WRITE 164480 491 50
WRITE 164971 1001 55
WRITE 165972 910 56
WRITE 166882 51 89
WRITE 166933 944 50
WRITE 167877 630 2
WRITE 168507 289 113
WRITE 168796 438 247
WRITE 169234 691 163
WRITE 169925 228 253
WRITE 170153 535 172
WRITE 170688 29 206
WRITE 170717 562 136
WRITE 171279 878 135
WRITE 172157 235 86
WRITE 172392 727 247
WRITE 173119 119 7
WRITE 173238 744 120
WRITE 173982 670 12
WRITE 174652 113 241
WRITE 174765 705 173
WRITE 175470 249 165
WRITE 175719 3 129
WRITE 175722 513 213
WRITE 176235 180 247
WRITE 176415 203 139
WRITE 176618 667 89
WRITE 177285 90 174
WRITE 177375 1008 90
WRITE 178383 87 219
WRITE 178470 742 28
WRITE 179212 627 188
WRITE 179839 1020 159
WRITE 180859 912 218
WRITE 181771 233 49
WRITE 182004 109 164
WRITE 182113 583 103
WRITE 182696 913 174
WRITE 183609 378 144
WRITE 183987 391 94
WRITE 184378 708 246
WRITE 185086 300 42
WRITE 185386 1014 185
WRITE 186400 133 57
WRITE 186533 705 141
WRITE 187238 720 60
WRITE 187958 34 20
WRITE 187992 735 71
WRITE 188727 970 163
WRITE 189697 608 186
WRITE 190305 797 87
WRITE 191102 416 209
WRITE 191518 51 44
WRITE 191569 530 89
WRITE 192099 8 145
WRITE 192107 612 18
WRITE 192719 851 242
WRITE 193570 177 173
WRITE 193747 717 16
WRITE 194464 286 101
WRITE 194750 872 147
WRITE 195622 769 3
WRITE 196391 497 210
WRITE 196888 170 50
WRITE 197058 922 120
WRITE 197980 801 12
WRITE 198781 712 142
WRITE 199493 496 18
WRITE 199989 885 7
WRITE 200874 699 71
WRITE 201573 417 119
WRITE 201990 723 199
WRITE 202713 67 221
WRITE 202780 286 113
WRITE 203066 964 198
WRITE 204030 258 197
WRITE 204288 260 224
WRITE 204548 974 186
WRITE 205522 53 105
WRITE 205575 223 85
WRITE 205798 115 55
WRITE 205913 528 136
WRITE 206441 720 55
WRITE 207161 831 203
WRITE 207992 477 126
WRITE 208469 520 61
WRITE 208989 569 204
WRITE 209558 722 17
WRITE 210280 300 54
WRITE 210580 203 181
WRITE 210783 985 132
WRITE 211768 323 127
WRITE 212091 409 27
WRITE 212500 814 242
WRITE 213314 29 201
WRITE 213343 603 102
WRITE 213946 386 233
WRITE 214332 257 49
WRITE 214589 8 81
WRITE 214597 297 190
WRITE 214894 427 102
WRITE 215321 278 214
WRITE 215599 607 195
WRITE 216206 222 130
WRITE 216428 609 19
WRITE 217037 859 112
WRITE 217896 471 213
WRITE 218367 86 225
WRITE 218453 141 98
WRITE 218594 579 97
WRITE 219173 471 103
WRITE 219644 925 211
WRITE 220569 973 213
WRITE 221542 601 70
WRITE 222143 260 166
WRITE 222403 886 28
WRITE 223289 251 95
WRITE 223540 254 44
WRITE 223794 251 175
WRITE 224045 576 163
WRITE 224621 543 107
WRITE 225164 836 202
WRITE 226000 779 22
WRITE 226779 676 33
WRITE 227455 68 119
WRITE 227523 640 123
WRITE 228163 783 157
WRITE 228946 799 224
WRITE 229745 623 230
WRITE 230368 337 4
WRITE 230705 477 63
WRITE 231182 983 180
WRITE 232165 799 174
WRITE 232964 959 58
WRITE 233923 873 96
WRITE 234796 87 182
WRITE 234883 77 227
WRITE 234960 741 255
WRITE 235701 733 247
WRITE 236434 172 23
WRITE 236606 748 252
WRITE 237354 862 99
WRITE 238216 207 254
WRITE 238423 982 98
WRITE 239405 704 204
WRITE 240109 824 231
WRITE 240933 37 31
WRITE 240970 130 228
WRITE 241100 688 131
WRITE 241788 566 48
WRITE 242354 92 206
WRITE 242446 773 51
WRITE 243219 927 57
WRITE 244146 884 198
WRITE 245030 335 64
WRITE 245365 28 201
WRITE 245393 476 37
WRITE 245869 973 201
WRITE 246842 355 186
WRITE 247197 321 242
WRITE 247518 740 61
WRITE 248258 358 130
WRITE 248616 866 113
WRITE 249482 946 80
WRITE 250428 30 23
WRITE 250458 955 93
WRITE 251413 210 154
WRITE 251623 630 236
WRITE 252253 469 243
WRITE 252722 282 70
WRITE 253004 443 118
WRITE 253447 192 155
WRITE 253639 99 90
WRITE 253738 34 38
WRITE 253772 926 134
WRITE 254698 498 65
WRITE 255196 604 157
WRITE 255800 660 252
WRITE 256460 514 244
WRITE 256974 241 89
WRITE 257215 415 202
WRITE 257630 154 2
WRITE 257784 551 33
WRITE 258335 624 93
WRITE 258959 615 183
WRITE 259574 207 119
WRITE 259781 422 192
WRITE 260203 831 3
WRITE 261034 256 60
WRITE 261290 686 64
WRITE 261976 102 236
WRITE 262078 746 95
WRITE 262824 173 95
WRITE 262997 407 228
WRITE 263404 411 212
WRITE 263815 358 42
WRITE 264173 468 164
WRITE 264641 196 230
WRITE 264837 187 246
WRITE 265024 828 217
WRITE 265852 867 220
WRITE 266719 9 233
WRITE 266728 904 203
WRITE 267632 956 165
WRITE 268588 736 28
WRITE 269324 620 168
WRITE 269944 227 237
WRITE 270171 24 205
WRITE 270195 92 191
WRITE 270287 5 174
WRITE 270292 408 2
WRITE 270700 436 46
WRITE 271136 105 51
WRITE 271241 676 170
WRITE 271917 377 37
WRITE 272294 933 5
WRITE 273227 318 99
WRITE 273545 770 125
WRITE 274315 326 81
WRITE 274641 802 109
WRITE 275443 564 1
WRITE 276007 56 201
WRITE 276063 317 255
WRITE 276380 879 136
WRITE 277259 34 62
WRITE 277293 678 97
WRITE 277971 488 165
WRITE 278459 370 105
WRITE 278829 549 220
WRITE 279378 961 158
WRITE 280339 846 225
WRITE 281185 244 172
WRITE 281429 649 181
WRITE 282078 507 39
WRITE 282585 422 99
WRITE 283007 29 194
WRITE 283036 417 140
WRITE 283453 205 195
WRITE 283658 731 110
WRITE 284389 544 143
WRITE 284933 459 53
WRITE 285392 297 42
WRITE 285689 192 83
WRITE 285881 318 236
WRITE 286199 342 45
WRITE 286541 962 17
WRITE 287503 898 40
WRITE 288401 212 130
WRITE 288613 823 251
WRITE 289436 947 125
WRITE 290383 851 213
WRITE 291234 536 61
WRITE 291770 690 138
WRITE 292460 649 240
WRITE 293109 739 149
WRITE 293848 392 245
WRITE 294240 770 91
WRITE 295010 774 159
WRITE 295784 16 24
WRITE 295800 454 16
WRITE 296254 377 129
WRITE 296631 897 84
WRITE 297528 549 233
WRITE 298077 791 13
WRITE 298868 512 112
WRITE 299380 39 194
WRITE 299419 465 78
WRITE 299884 338 1
WRITE 300222 740 172
WRITE 300962 910 15
WRITE 301872 313 107
WRITE 302185 900 17
WRITE 303085 258 219
WRITE 303343 520 42
WRITE 303863 787 41
WRITE 304650 255 21
WRITE 304905 740 59
WRITE 305645 272 7
WRITE 305917 960 29
WRITE 306877 88 143
WRITE 306965 311 100
WRITE 307276 251 13
WRITE 307527 139 200
WRITE 307666 285 155
WRITE 307951 462 153
WRITE 308413 930 181
WRITE 309343 226 162
WRITE 309569 218 101
WRITE 309787 636 7
WRITE 310423 555 25
WRITE 310978 121 81
WRITE 311099 146 208
WRITE 311245 740 242
WRITE 311985 941 11
WRITE 312926 646 230
WRITE 313572 687 82
WRITE 314259 146 179
WRITE 314405 683 85
WRITE 315088 304 209
WRITE 315392 43 122
WRITE 315435 48 181
WRITE 315483 524 64
WRITE 316007 336 10
WRITE 316343 844 31
WRITE 317187 137 230
WRITE 317324 210 114
WRITE 317534 76 92
WRITE 317610 593 179
WRITE 318203 412 158
WRITE 318615 940 165
WRITE 319555 1021 92
WRITE 320576 981 115
WRITE 321557 526 251
WRITE 322083 137 69
WRITE 322220 542 241
WRITE 322762 634 106
WRITE 323396 424 224
WRITE 323820 359 202
WRITE 324179 79 61
WRITE 324258 360 42
WRITE 324618 146 224
WRITE 324764 817 66
WRITE 325581 857 229
WRITE 326438 39 238
WRITE 326477 641 7
WRITE 327118 27 53
WRITE 327145 625 64
WRITE 327770 235 204
WRITE 328005 837 57
WRITE 328842 80 230
WRITE 328922 161 133
WRITE 329083 279 219
WRITE 329362 679 120
WRITE 330041 676 90
WRITE 330717 509 124
WRITE 331226 439 141
WRITE 331665 207 149
WRITE 331872 786 243
WRITE 332658 439 10
WRITE 333097 378 31
WRITE 333475 597 179
WRITE 334072 451 227
WRITE 334523 50 242
WRITE 334573 467 60
WRITE 335040 536 66
WRITE 335576 17 158
WRITE 335593 69 30
WRITE 335662 613 63
WRITE 336275 277 12
WRITE 336552 7 93
WRITE 336559 554 196
WRITE 337113 706 58
WRITE 337819 155 93
WRITE 337974 685 75
WRITE 338659 686 50
WRITE 339345 968 110
WRITE 340313 274 226
WRITE 340587 20 228
WRITE 340607 933 26
WRITE 341540 871 160
WRITE 342411 118 144
WRITE 342529 308 252
WRITE 342837 275 92
WRITE 343112 779 130
WRITE 343891 995 115
WRITE 344886 823 142
WRITE 345709 244 246
WRITE 345953 913 35
WRITE 346866 433 9
WRITE 347299 908 210
WRITE 348207 289 246
WRITE 348496 490 102
WRITE 348986 788 80
WRITE 349774 389 31
WRITE 350163 276 159
WRITE 350439 756 228
WRITE 351195 464 175
WRITE 351659 747 185
WRITE 352406 155 198
WRITE 352561 32 142
WRITE 352593 98 177
WRITE 352691 479 203
WRITE 353170 731 57
WRITE 353901 814 77
WRITE 354715 603 220
WRITE 355318 844 76
WRITE 356162 349 53
WRITE 356511 82 165
WRITE 356593 1023 209
WRITE 357616 539 110
WRITE 358155 486 226
WRITE 358641 775 182
WRITE 359416 747 222
WRITE 360163 592 216
WRITE 360755 506 76
WRITE 361261 14 17
WRITE 361275 475 175
WRITE 361750 698 86
WRITE 362448 288 222
WRITE 362736 268 251
WRITE 363004 285 242
WRITE 363289 916 173
WRITE 364205 77 196
WRITE 364282 390 25
WRITE 364672 622 99
WRITE 365294 35 75
WRITE 365329 327 192
WRITE 365656 218 69
WRITE 365874 298 209
WRITE 366172 537 60
WRITE 366709 391 48
WRITE 367100 308 12
WRITE 367408 563 158
WRITE 367971 27 76
WRITE 367998 24 150
WRITE 368022 388 182
WRITE 368410 980 199
WRITE 369390 1007 110
WRITE 370397 14 200
WRITE 370411 847 213
WRITE 371258 224 1
WRITE 371482 734 82
WRITE 372216 739 66
WRITE 372955 1015 139
WRITE 373970 697 65
WRITE 374667 596 127
WRITE 375263 969 192
WRITE 376232 284 183
WRITE 376516 201 101
WRITE 376717 428 207
WRITE 377145 471 168
WRITE 377616 989 27
WRITE 378605 259 34
WRITE 378864 472 210
WRITE 379336 945 143
WRITE 380281 291 248
WRITE 380572 563 222
WRITE 381135 956 172
WRITE 382091 832 191
WRITE 382923 661 217
WRITE 383584 278 126
WRITE 383862 272 250
WRITE 384134 142 143
WRITE 384276 163 212
WRITE 384439 813 240
WRITE 385252 832 17
WRITE 386084 229 130
WRITE 386313 964 50
WRITE 387277 552 58
WRITE 387829 622 23
WRITE 388451 639 230
WRITE 389090 329 46
WRITE 389419 543 75
WRITE 389962 510 78
WRITE 390472 598 38
WRITE 391070 220 71
WRITE 391290 860 54
WRITE 392150 537 226
WRITE 392687 343 136
WRITE 393030 262 26
WRITE 393292 971 231
WRITE 394263 356 234
WRITE 394619 188 21
WRITE 394807 402 89
WRITE 395209 370 23
WRITE 395579 97 126
WRITE 395676 446 20
WRITE 396122 151 67
WRITE 396273 151 7
WRITE 396424 911 221
WRITE 397335 445 244
WRITE 397780 853 125
WRITE 398633 290 19
WRITE 398923 455 90
WRITE 399378 442 230
WRITE 399820 528 115
WRITE 400348 972 103
WRITE 401320 346 209
WRITE 401666 640 199
WRITE 402306 473 94
WRITE 402779 435 93
WRITE 403214 491 75
WRITE 403705 10 52
WRITE 403715 822 46
WRITE 404537 536 128
WRITE 405073 721 189
WRITE 405794 21 222
WRITE 405815 515 151
WRITE 406330 603 130
WRITE 406933 277 210
WRITE 407210 852 140
WRITE 408062 169 231
WRITE 408231 543 206
WRITE 408774 330 212
WRITE 409104 426 185
WRITE 409530 963 144
WRITE 410493 935 223
WRITE 411428 379 226
WRITE 411807 777 187
WRITE 412584 867 158
WRITE 413451 99 101
WRITE 413550 678 20
WRITE 414228 767 171
WRITE 414995 958 116
WRITE 415953 712 131
WRITE 416665 714 53
WRITE 417379 556 113
WRITE 417935 517 220
WRITE 418452 1016 107
WRITE 419468 571 4
WRITE 420039 652 243
WRITE 420691 726 194
WRITE 421417 372 163
WRITE 421789 700 18
WRITE 422489 518 215
WRITE 423007 166 108
WRITE 423173 703 208
WRITE 423876 95 58
WRITE 423971 440 35
WRITE 424411 320 9
WRITE 424731 215 163
WRITE 424946 512 207
WRITE 425458 392 118
WRITE 425850 430 244
WRITE 426280 247 106
WRITE 426527 734 18
WRITE 427261 639 236
WRITE 427900 855 177
WRITE 428755 556 195
WRITE 429311 297 254
WRITE 429608 863 140
WRITE 430471 37 248
WRITE 430508 632 132
WRITE 431140 424 121
WRITE 431564 752 24
WRITE 432316 44 98
WRITE 432360 377 110
WRITE 432737 181 9
WRITE 432918 201 106
WRITE 433119 444 73
WRITE 433563 668 231
WRITE 434231 38 248
WRITE 434269 158 84
WRITE 434427 305 75
WRITE 434732 748 177
WRITE 435480 647 63
WRITE 436127 677 40
WRITE 436804 887 150
WRITE 437691 668 230
WRITE 438359 675 244
WRITE 439034 498 142
WRITE 439532 420 100
WRITE 439952 791 214
WRITE 440743 212 156
WRITE 440955 950 250
WRITE 441905 207 30
WRITE 442112 271 77
WRITE 442383 574 155
WRITE 442957 241 66
WRITE 443198 809 87
WRITE 444007 602 255
WRITE 444609 157 179
WRITE 444766 751 225
WRITE 445517 12 104
WRITE 445529 113 119
WRITE 445642 495 107
WRITE 446137 22 22
WRITE 446159 756 83
WRITE 446915 673 47
WRITE 447588 366 77
WRITE 447954 363 198
WRITE 448317 207 42
WRITE 448524 654 55
WRITE 449178 394 112
WRITE 449572 239 186
WRITE 449811 11 191
WRITE 449822 42 43
WRITE 449864 400 36
WRITE 450264 177 27
WRITE 450441 617 84
WRITE 451058 339 100
WRITE 451397 746 98
WRITE 452143 637 85
WRITE 452780 682 156
WRITE 453462 853 100
WRITE 454315 104 27
WRITE 454419 823 3
WRITE 455242 606 182
WRITE 455848 987 111
WRITE 456835 662 80
WRITE 457497 499 55
WRITE 457996 908 154
WRITE 458904 379 220
WRITE 459283 364 160
WRITE 459647 578 122
WRITE 460225 898 48
WRITE 461123 563 39
WRITE 461686 760 238
WRITE 462446 442 12
WRITE 462888 310 228
WRITE 463198 39 68
WRITE 463237 754 16
WRITE 463991 360 83
WRITE 464351 729 81
WRITE 465080 32 114
WRITE 465112 101 152
WRITE 465213 458 84
WRITE 465671 692 118
WRITE 466363 489 40
WRITE 466852 399 72
WRITE 467251 969 191
WRITE 468220 623 222
WRITE 468843 860 167
WRITE 469703 525 106
WRITE 470228 37 36
WRITE 470265 522 196
WRITE 470787 712 122
WRITE 471499 307 22
WRITE 471806 467 122
WRITE 472273 239 31
WRITE 472512 670 22
WRITE 473182 719 79
WRITE 473901 575 112
WRITE 474476 138 49
WRITE 474614 602 99
WRITE 475216 885 18
WRITE 476101 189 167
WRITE 476290 300 142
WRITE 476590 885 9
WRITE 477475 753 40
WRITE 478228 721 137
WRITE 478949 430 180
WRITE 479379 631 44
WRITE 480010 494 72
WRITE 480504 628 240
WRITE 481132 195 154
WRITE 481327 935 140
WRITE 482262 615 16
WRITE 482877 491 184
WRITE 483368 161 119
WRITE 483529 542 111
WRITE 484071 633 146
WRITE 484704 295 198
WRITE 484999 394 230
WRITE 485393 575 67
WRITE 485968 665 123
WRITE 486633 456 35
WRITE 487089 228 167
WRITE 487317 767 56
WRITE 488084 132 27
WRITE 488216 550 107
WRITE 488766 235 161
WRITE 489001 232 114
WRITE 489233 902 35
WRITE 490135 487 24
WRITE 490622 342 101
WRITE 490964 587 87
WRITE 491551 834 111
WRITE 492385 884 129
WRITE 493269 228 155
WRITE 493497 735 163
WRITE 494232 1020 113
WRITE 495252 752 2
WRITE 496004 260 74
WRITE 496264 798 85
WRITE 497062 885 28
WRITE 497947 597 121
WRITE 498544 685 146
WRITE 499229 240 111
WRITE 499469 57 71
WRITE 499526 179 220
WRITE 499705 500 52
WRITE 500205 250 23
WRITE 500455 815 60
WRITE 501270 115 50
WRITE 501385 510 116
WRITE 501895 202 118
WRITE 502097 486 162
WRITE 502583 306 104
WRITE 502889 973 149
WRITE 503862 987 242
WRITE 504849 677 150
WRITE 505526 858 119
WRITE 506384 172 183
WRITE 506556 455 37
WRITE 507011 486 70
WRITE 507497 442 134
WRITE 507939 162 95
WRITE 508101 450 13
WRITE 508551 324 197
WRITE 508875 124 53
WRITE 508999 348 109
WRITE 509347 730 2
WRITE 510077 203 76
WRITE 510280 432 224
WRITE 510712 766 222
WRITE 511478 745 169
WRITE 512223 542 3
WRITE 512765 989 93
WRITE 513754 989 96
WRITE 514743 925 24
WRITE 515668 172 118
WRITE 515840 359 142
WRITE 516199 54 189
WRITE 516253 15 62
WRITE 516268 468 2
WRITE 516736 411 253
WRITE 517147 592 162
WRITE 517739 59 247
WRITE 517798 682 199
WRITE 518480 176 6
WRITE 518656 990 51
WRITE 519646 517 27
WRITE 520163 829 153
WRITE 520992 407 102
WRITE 521399 335 72
WRITE 521734 49 94
WRITE 521783 416 184
WRITE 522199 294 128
WRITE 522493 377 60
WRITE 522870 995 2
WRITE 523865 715 11
WRITE 524580 318 152
WRITE 524898 747 24
WRITE 525645 417 43
WRITE 526062 976 228
WRITE 527038 417 12
WRITE 527455 286 221
WRITE 527741 440 144
WRITE 528181 58 93
WRITE 528239 402 217
WRITE 528641 723 35
WRITE 529364 848 232
WRITE 530212 450 72
WRITE 530662 819 16
WRITE 531481 780 114
WRITE 532261 454 63
WRITE 532715 323 135
WRITE 533038 207 223
WRITE 533245 180 242
WRITE 533425 892 43
WRITE 534317 401 24
WRITE 534718 941 225
WRITE 535659 243 178
WRITE 535902 627 48
WRITE 536529 87 76
WRITE 536616 141 23
WRITE 536757 643 133
WRITE 537400 143 209
WRITE 537543 689 12
WRITE 538232 720 180
WRITE 538952 252 129
WRITE 539204 804 125
WRITE 540008 646 50
WRITE 540654 570 208
WRITE 541224 103 83
WRITE 541327 26 82
WRITE 541353 256 180
WRITE 541609 736 28
WRITE 542345 566 49
WRITE 542911 775 205
WRITE 543686 812 125
WRITE 544498 486 100
WRITE 544984 51 131
WRITE 545035 805 219
WRITE 545840 543 94
WRITE 546383 778 4
WRITE 547161 191 15
WRITE 547352 347 238
WRITE 547699 1019 13
WRITE 548718 357 143
WRITE 549075 646 178
WRITE 549721 366 154
WRITE 550087 778 51
WRITE 550865 1018 193
WRITE 551883 411 60
WRITE 552294 95 152
WRITE 552389 155 9
WRITE 552544 182 163
WRITE 552726 697 170
WRITE 553423 831 8
WRITE 554254 830 36
WRITE 555084 809 228
WRITE 555893 709 21
WRITE 556602 11 81
WRITE 556613 229 242
WRITE 556842 448 209
WRITE 557290 323 67
WRITE 557613 490 78
WRITE 558103 339 4
WRITE 558442 585 93
WRITE 559027 449 183
WRITE 559476 67 52
WRITE 559543 657 12
WRITE 560200 905 114
WRITE 561105 845 27
WRITE 561950 449 5
WRITE 562399 33 19
WRITE 562432 306 50
WRITE 562738 910 221
WRITE 563648 201 243
WRITE 563849 283 19
WRITE 564132 70 169
WRITE 564202 332 163
WRITE 564534 442 54
WRITE 564976 282 43
WRITE 565258 61 84
WRITE 565319 841 229
WRITE 566160 155 148
WRITE 566315 407 216
WRITE 566722 783 249
WRITE 567505 357 184
WRITE 567862 130 72
WRITE 567992 381 144
WRITE 568373 146 60
WRITE 568519 893 62
WRITE 569412 838 115
WRITE 570250 537 34
WRITE 570787 189 116
WRITE 570976 816 160
WRITE 571792 289 126
WRITE 572081 951 124
WRITE 573032 869 81
WRITE 573901 165 52
WRITE 574066 964 57
WRITE 575030 58 90
WRITE 575088 244 54
WRITE 575332 642 88
WRITE 575974 630 136
WRITE 576604 964 205
WRITE 577568 105 99
WRITE 577673 499 27
WRITE 578172 191 31
WRITE 578363 66 157
WRITE 578429 812 166
WRITE 579241 181 63
WRITE 579422 417 27
WRITE 579839 684 112
WRITE 580523 839 90
WRITE 581362 764 141
WRITE 582126 27 201
WRITE 582153 180 177
WRITE 582333 146 250
WRITE 582479 40 239
WRITE 582519 621 123
WRITE 583140 862 212
WRITE 584002 889 116
WRITE 584891 1017 195
WRITE 585908 764 3
WRITE 586672 51 152
WRITE 586723 639 170
WRITE 587362 824 118
WRITE 588186 681 74
WRITE 588867 455 190
WRITE 589322 545 235
WRITE 589867 720 183
WRITE 590587 630 10
WRITE 591217 645 37
WRITE 591862 215 66
WRITE 592077 734 169
WRITE 592811 98 204
WRITE 592909 845 113
WRITE 593754 657 25
WRITE 594411 248 179
WRITE 594659 651 116
WRITE 595310 80 176
WRITE 595390 706 117
WRITE 596096 874 207
WRITE 596970 75 10
WRITE 597045 507 229
WRITE 597552 118 172
WRITE 597670 978 181
WRITE 598648 733 207
WRITE 599381 901 147
WRITE 600282 128 72
WRITE 600410 313 114
WRITE 600723 519 100
WRITE 601242 430 11
WRITE 601672 874 44
WRITE 602546 615 208
WRITE 603161 267 109
WRITE 603428 316 44
WRITE 603744 1001 123
WRITE 604745 866 13
WRITE 605611 458 223
WRITE 606069 338 109
WRITE 606407 676 152
WRITE 607083 954 28
WRITE 608037 5 211
WRITE 608042 829 172
WRITE 608871 609 194
WRITE 609480 337 53
WRITE 609817 285 162
WRITE 610102 759 56
WRITE 610861 939 4
WRITE 611800 455 138
WRITE 612255 382 4
WRITE 612637 938 246
WRITE 613575 861 216
WRITE 614436 190 34
WRITE 614626 81 63
WRITE 614707 163 112
WRITE 614870 526 76
WRITE 615396 844 70
WRITE 616240 929 32
WRITE 617169 639 123
WRITE 617808 379 211
WRITE 618187 576 40
WRITE 618763 818 56
WRITE 619581 329 239
WRITE 619910 613 126
WRITE 620523 682 92
WRITE 621205 831 31
WRITE 622036 138 198
WRITE 622174 256 39
WRITE 622430 308 219
WRITE 622738 775 153
WRITE 623513 330 154
WRITE 623843 94 184
WRITE 623937 693 133
WRITE 624630 894 174
WRITE 625524 339 230
WRITE 625863 715 230
WRITE 626578 702 100
WRITE 627280 612 222
WRITE 627892 194 217
WRITE 628086 557 66
WRITE 628643 451 206
WRITE 629094 5 144
WRITE 629099 392 227
WRITE 629491 571 134
WRITE 630062 293 253
WRITE 630355 860 80
WRITE 631215 356 148
WRITE 631571 530 151
WRITE 632101 256 34
WRITE 632357 534 186
WRITE 632891 830 113
WRITE 633721 483 217
WRITE 634204 964 33
WRITE 635168 300 253
WRITE 635468 825 219
WRITE 636293 784 160
WRITE 637077 553 209
WRITE 637630 637 127
WRITE 638267 466 176
WRITE 638733 654 88
WRITE 639387 680 247
WRITE 640067 998 251
WRITE 641065 27 94
WRITE 641092 397 75
WRITE 641489 962 160
WRITE 642451 384 224
WRITE 642835 540 136
WRITE 643375 39 76
WRITE 643414 762 57
WRITE 644176 926 235
WRITE 645102 478 123
WRITE 645580 113 201
WRITE 645693 229 162
WRITE 645922 732 7
WRITE 646654 842 1
WRITE 647496 205 163
WRITE 647701 693 41
WRITE 648394 850 107
WRITE 649244 451 119
WRITE 649695 801 91
WRITE 650496 804 190
WRITE 651300 153 101
WRITE 651453 482 19
WRITE 651935 331 177
WRITE 652266 418 54
WRITE 652684 1009 213
WRITE 653693 561 62
WRITE 654254 178 33
WRITE 654432 538 197
WRITE 654970 892 206
WRITE 655862 126 172
WRITE 655988 936 193
WRITE 656924 21 251
WRITE 656945 733 43
WRITE 657678 259 205
WRITE 657937 460 4
WRITE 658397 359 4
WRITE 658756 546 237
WRITE 659302 342 161
WRITE 659644 850 138
WRITE 660494 940 16
WRITE 661434 939 103
WRITE 662373 97 228
WRITE 662470 748 50
WRITE 663218 83 174
WRITE 663301 710 228
WRITE 664011 105 63
WRITE 664116 705 199
WRITE 664821 802 44
WRITE 665623 110 88
WRITE 665733 774 161
WRITE 666507 626 193
WRITE 667133 509 204
WRITE 667642 515 254
WRITE 668157 371 45
WRITE 668528 17 47
WRITE 668545 955 11
WRITE 669500 691 31
WRITE 670191 232 218
WRITE 670423 552 37
WRITE 670975 827 241
WRITE 671802 857 193
WRITE 672659 1024 17
WRITE 673683 247 84
WRITE 673930 696 167
WRITE 674626 26 150
WRITE 674652 280 94
WRITE 674932 11 155
WRITE 674943 948 94
WRITE 675891 666 107
WRITE 676557 685 86
WRITE 677242 922 182
WRITE 678164 391 15
WRITE 678555 1012 141
WRITE 679567 328 219
WRITE 679895 404 31
WRITE 680299 952 100
WRITE 681251 771 233
WRITE 682022 74 147
WRITE 682096 221 6
WRITE 682317 1002 29
WRITE 683319 615 210
WRITE 683934 279 46
WRITE 684213 84 231
WRITE 684297 636 6
WRITE 684933 559 110
WRITE 685492 130 91
WRITE 685622 607 87
WRITE 686229 574 194
WRITE 686803 751 149
WRITE 687554 340 202
WRITE 687894 129 5
WRITE 688023 550 49
WRITE 688573 606 217
WRITE 689179 346 180
WRITE 689525 505 176
WRITE 690030 270 156
WRITE 690300 23 72
WRITE 690323 830 254
WRITE 691153 932 251
WRITE 692085 823 139
WRITE 692908 236 221
WRITE 693144 162 34
WRITE 693306 485 92
WRITE 693791 972 241
WRITE 694763 743 24
WRITE 695506 205 139
WRITE 695711 824 255
WRITE 696535 836 185
WRITE 697371 140 176
WRITE 697511 1024 161
WRITE 698535 697 223
WRITE 699232 47 179
WRITE 699279 964 225
WRITE 700243 262 129
WRITE 700505 300 226
WRITE 700805 382 30
WRITE 701187 828 232
WRITE 702015 402 179
WRITE 702417 682 108
WRITE 703099 637 32
WRITE 703736 96 27
WRITE 703832 522 166
WRITE 704354 580 88
WRITE 704934 15 211
WRITE 704949 395 205
WRITE 705344 214 80
WRITE 705558 83 140
WRITE 705641 510 77
WRITE 706151 382 204
WRITE 706533 739 210
WRITE 707272 251 31
WRITE 707523 347 113
WRITE 707870 398 245
WRITE 708268 1006 29
WRITE 709274 1018 38
WRITE 710292 19 199
WRITE 710311 704 29
WRITE 711015 930 162
WRITE 711945 851 228
WRITE 712796 822 2
WRITE 713618 575 76
WRITE 714193 675 117
WRITE 714868 793 212
WRITE 715661 9 115
WRITE 715670 845 126
WRITE 716515 535 194
WRITE 717050 47 100
WRITE 717097 328 254
WRITE 717425 269 66
WRITE 717694 604 225
WRITE 718298 456 23
WRITE 718754 989 231
WRITE 719743 64 154
WRITE 719807 693 36
WRITE 720500 15 127
WRITE 720515 951 162
WRITE 721466 25 119
WRITE 721491 71 242
WRITE 721562 632 141
WRITE 722194 849 156
WRITE 723043 388 128
WRITE 723431 548 203
WRITE 723979 343 182
WRITE 724322 233 249
WRITE 724555 134 57
WRITE 724689 648 98
WRITE 725337 165 175
WRITE 725502 696 2
WRITE 726198 851 184
WRITE 727049 166 242
WRITE 727215 324 178
WRITE 727539 211 126
WRITE 727750 57 243
WRITE 727807 526 112
WRITE 728333 615 13
WRITE 728948 671 134
WRITE 729619 138 158
WRITE 729757 182 64
WRITE 729939 785 104
WRITE 730724 692 50
WRITE 731416 378 241
WRITE 731794 368 233
WRITE 732162 187 181
WRITE 732349 128 102
WRITE 732477 878 10
WRITE 733355 878 204
WRITE 734233 355 83
WRITE 734588 801 206
WRITE 735389 665 19
WRITE 736054 679 226
WRITE 736733 509 70
WRITE 737242 253 16
WRITE 737495 328 134
WRITE 737823 256 3
WRITE 738079 853 55
WRITE 738932 211 171
WRITE 739143 335 254
WRITE 739478 932 51
WRITE 740410 837 29
WRITE 741247 656 49
WRITE 741903 323 233
WRITE 742226 396 58
WRITE 742622 349 12
WRITE 742971 9 14
WRITE 742980 182 176
WRITE 743162 535 44
WRITE 743697 762 78
WRITE 744459 244 187
WRITE 744703 953 244
WRITE 745656 593 207
WRITE 746249 99 167
WRITE 746348 345 146
WRITE 746693 41 135
WRITE 746734 902 33
WRITE 747636 711 231
WRITE 748347 51 178
WRITE 748398 770 131
WRITE 749168 601 66
WRITE 749769 385 197
WRITE 750154 36 190
WRITE 750190 362 1
WRITE 750552 323 52
WRITE 750875 551 77
WRITE 751426 194 25
WRITE 751620 961 152
WRITE 752581 689 189
WRITE 753270 550 151
WRITE 753820 151 127
WRITE 753971 627 95
WRITE 754598 266 10
WRITE 754864 862 221
WRITE 755726 436 152
WRITE 756162 894 50
WRITE 757056 388 195
WRITE 757444 677 30
WRITE 758121 27 194
WRITE 758148 389 11
WRITE 758537 96 221
WRITE 758633 390 71
WRITE 759023 222 219
WRITE 759245 515 80
WRITE 759760 480 119
WRITE 760240 671 255
WRITE 760911 351 180
WRITE 761262 674 146
WRITE 761936 760 60
WRITE 762696 659 203
WRITE 763355 596 130
WRITE 763951 454 173
WRITE 764405 577 11
WRITE 764982 585 9
WRITE 765567 472 90
WRITE 766039 628 213
WRITE 766667 269 155
WRITE 766936 2 52
WRITE 766938 123 187
WRITE 767061 661 73
WRITE 767722 305 93
WRITE 768027 628 31
WRITE 768655 538 32
WRITE 769193 969 162
WRITE 770162 1019 26
WRITE 771181 93 245
WRITE 771274 799 145
WRITE 772073 318 193
WRITE 772391 282 210
WRITE 772673 667 194
WRITE 773340 772 138
WRITE 774112 212 197
WRITE 774324 388 124
WRITE 774712 291 84
WRITE 775003 959 191
WRITE 775962 955 254
WRITE 776917 211 113
WRITE 777128 401 30
WRITE 777529 771 127
WRITE 778300 460 188
WRITE 778760 858 24
WRITE 779618 221 216
WRITE 779839 930 228
WRITE 780769 411 225
WRITE 781180 210 171
WRITE 781390 744 3
WRITE 782134 915 139
WRITE 783049 265 223
WRITE 783314 14 201
WRITE 783328 721 221
WRITE 784049 473 196
WRITE 784522 988 205
WRITE 785510 603 240
WRITE 786113 142 94
WRITE 786255 817 58
WRITE 787072 485 128
WRITE 787557 17 228
WRITE 787574 165 198
WRITE 787739 108 81
WRITE 787847 119 137
WRITE 787966 970 144
WRITE 788936 651 47
WRITE 789587 240 22
WRITE 789827 716 70
WRITE 790543 696 108
WRITE 791239 835 92
WRITE 792074 711 166
WRITE 792785 551 88
WRITE 793336 538 241
WRITE 793874 168 229
WRITE 794042 545 53
WRITE 794587 406 252
WRITE 794993 34 180
WRITE 795027 984 179
WRITE 796011 723 190
WRITE 796734 565 243
WRITE 797299 70 180
WRITE 797369 928 178
WRITE 798297 643 95
WRITE 798940 367 116
WRITE 799307 279 97
WRITE 799586 944 2
WRITE 800530 342 157
WRITE 800872 460 185
WRITE 801332 364 211
WRITE 801696 651 8
WRITE 802347 778 131
WRITE 803125 348 170
WRITE 803473 391 147
WRITE 803864 422 182
WRITE 804286 972 161
WRITE 805258 892 236
WRITE 806150 243 118
WRITE 806393 653 2
WRITE 807046 245 255
WRITE 807291 914 171
WRITE 808205 162 41
WRITE 808367 1013 60
WRITE 809380 851 118
WRITE 810231 228 255
WRITE 810459 786 108
WRITE 811245 73 95
WRITE 811318 420 204
WRITE 811738 876 73
WRITE 812614 785 118
WRITE 813399 34 117
WRITE 813433 494 61
WRITE 813927 303 246
WRITE 814230 328 253
WRITE 814558 170 140
WRITE 814728 561 60
WRITE 815289 685 201
WRITE 815974 91 32
WRITE 816065 490 234
WRITE 816555 294 17
WRITE 816849 943 127
WRITE 817792 239 111
WRITE 818031 226 175
WRITE 818257 171 233
WRITE 818428 98 254
WRITE 818526 160 104
WRITE 818686 332 66
WRITE 819018 226 11
WRITE 819244 647 76
WRITE 819891 469 135
WRITE 820360 792 94
WRITE 821152 799 93
WRITE 821951 446 251
WRITE 822397 384 67
WRITE 822781 842 138
WRITE 823623 713 4
WRITE 824336 274 237
WRITE 824610 657 201
WRITE 825267 264 153
WRITE 825531 189 237
WRITE 825720 385 228
WRITE 826105 660 216
WRITE 826765 96 32
WRITE 826861 974 73
WRITE 827835 773 107
WRITE 828608 529 154
WRITE 829137 366 196
WRITE 829503 557 208
WRITE 830060 522 135
WRITE 830582 984 189
WRITE 831566 477 89
WRITE 832043 249 230
WRITE 832292 219 74
WRITE 832511 287 80
WRITE 832798 569 82
WRITE 833367 357 133
WRITE 833724 115 74
WRITE 833839 885 107
WRITE 834724 71 255
WRITE 834795 14 152
WRITE 834809 160 83
WRITE 834969 827 7
WRITE 835796 908 30
WRITE 836704 131 198
WRITE 836835 75 145
WRITE 836910 131 143
WRITE 837041 930 249
WRITE 837971 571 50
WRITE 838542 364 140
WRITE 838906 652 11
WRITE 839558 456 242
WRITE 840014 288 114
WRITE 840302 451 68
WRITE 840753 126 104
WRITE 840879 103 248
WRITE 840982 657 252
WRITE 841639 413 14
WRITE 842052 998 9
WRITE 843050 973 131
WRITE 844023 308 236
WRITE 844331 520 154
WRITE 844851 962 61
WRITE 845813 792 34
WRITE 846605 568 228
WRITE 847173 19 236
WRITE 847192 805 91
WRITE 847997 120 49
WRITE 848117 923 66
WRITE 849040 103 242
WRITE 849143 1014 171
WRITE 850157 291 96
WRITE 850448 303 5
WRITE 850751 533 116
WRITE 851284 414 37
WRITE 851698 458 51
WRITE 852156 366 149
WRITE 852522 442 226
WRITE 852964 401 49
WRITE 853365 969 147
WRITE 854334 872 107
WRITE 855206 811 14
WRITE 856017 934 77
WRITE 856951 987 253
WRITE 857938 386 36
WRITE 858324 465 36
WRITE 858789 796 24
WRITE 859585 744 230
WRITE 860329 249 88
WRITE 860578 296 17
WRITE 860874 199 97
WRITE 861073 502 118
WRITE 861575 44 236
WRITE 861619 431 52
WRITE 862050 701 166
WRITE 862751 478 97
WRITE 863229 94 17
WRITE 863323 402 203
WRITE 863725 789 111
WRITE 864514 899 55
WRITE 865413 283 235
WRITE 865696 656 31
WRITE 866352 331 64
WRITE 866683 451 209
WRITE 867134 517 223
WRITE 867651 34 56
WRITE 867685 86 221
WRITE 867771 438 86
WRITE 868209 4 3
WRITE 868213 863 124
WRITE 869076 856 18
WRITE 869932 902 227
WRITE 870834 212 57
WRITE 871046 659 12
WRITE 871705 994 15
WRITE 872699 18 57
WRITE 872717 664 234
WRITE 873381 950 50
WRITE 874331 521 190
WRITE 874852 275 110
WRITE 875127 379 2
WRITE 875506 237 83
WRITE 875743 501 18
WRITE 876244 210 120
WRITE 876454 370 124
WRITE 876824 481 100
WRITE 877305 430 95
WRITE 877735 646 218
WRITE 878381 845 250
WRITE 879226 576 75
WRITE 879802 39 141
WRITE 879841 148 251
WRITE 879989 306 89
WRITE 880295 979 248
WRITE 881274 73 143
WRITE 881347 989 3
WRITE 882336 347 80
WRITE 882683 87 208
WRITE 882770 470 212
WRITE 883240 977 216
WRITE 884217 104 84
WRITE 884321 46 247
WRITE 884367 267 69
WRITE 884634 571 102
WRITE 885205 684 22
WRITE 885889 272 92
WRITE 886161 890 191
WRITE 887051 436 56
WRITE 887487 67 169
WRITE 887554 86 20
WRITE 887640 246 163
WRITE 887886 308 204
WRITE 888194 765 18
WRITE 888959 664 22
WRITE 889623 984 224
WRITE 890607 919 70
WRITE 891526 276 187
WRITE 891802 272 50
WRITE 892074 123 156
WRITE 892197 183 43
WRITE 892380 102 219
WRITE 892482 218 166
WRITE 892700 888 156
WRITE 893588 404 114
WRITE 893992 114 3
WRITE 894106 574 99
WRITE 894680 694 39
WRITE 895374 583 118
WRITE 895957 855 48
WRITE 896812 839 45
WRITE 897651 819 36
WRITE 898470 633 24
WRITE 899103 55 197
WRITE 899158 634 16
WRITE 899792 755 155
WRITE 900547 829 236
WRITE 901376 979 19
WRITE 902355 203 132
WRITE 902558 254 213
WRITE 902812 680 183
WRITE 903492 172 29
WRITE 903664 594 164
WRITE 904258 536 234
WRITE 904794 246 160
WRITE 905040 571 116
WRITE 905611 594 236
WRITE 906205 332 37
WRITE 906537 624 154
WRITE 907161 104 27
WRITE 907265 770 14
WRITE 908035 504 102
WRITE 908539 31 75
WRITE 908570 342 101
WRITE 908912 500 126
WRITE 909412 349 11
WRITE 909761 480 11
WRITE 910241 5 53
WRITE 910246 238 52
WRITE 910484 836 21
WRITE 911320 949 195
WRITE 912269 833 127
WRITE 913102 989 216
WRITE 914091 600 197
WRITE 914691 446 48
WRITE 915137 361 181
WRITE 915498 392 150
WRITE 915890 882 18
WRITE 916772 485 251
WRITE 917257 511 162
WRITE 917768 628 60
WRITE 918396 312 44
WRITE 918708 19 198
WRITE 918727 816 41
WRITE 919543 95 218
WRITE 919638 421 53
WRITE 920059 263 66
WRITE 920322 354 86
WRITE 920676 22 12
WRITE 920698 346 124
WRITE 921044 850 78
WRITE 921894 774 38
WRITE 922668 588 162
WRITE 923256 673 36
WRITE 923929 10 208
WRITE 923939 131 131
WRITE 924070 899 88
WRITE 924969 267 206
WRITE 925236 298 62
WRITE 925534 803 170
WRITE 926337 684 92
WRITE 927021 394 115
WRITE 927415 381 229
WRITE 927796 141 7
WRITE 927937 260 221
WRITE 928197 663 168
WRITE 928860 399 61
WRITE 929259 1018 117
WRITE 930277 784 151
WRITE 931061 997 255
WRITE 932058 81 21
WRITE 932139 164 155
WRITE 932303 407 111
WRITE 932710 572 129
WRITE 933282 692 147
WRITE 933974 682 233
WRITE 934656 108 55
WRITE 934764 876 158
WRITE 935640 207 139
WRITE 935847 836 179
WRITE 936683 579 238
WRITE 937262 5 147
WRITE 937267 777 191
WRITE 938044 38 214
WRITE 938082 246 254
WRITE 938328 757 71
WRITE 939085 739 4
WRITE 939824 624 67
WRITE 940448 64 4
WRITE 940512 158 231
WRITE 940670 352 196
WRITE 941022 649 225
WRITE 941671 263 104
WRITE 941934 238 34
WRITE 942172 335 49
WRITE 942507 150 226
WRITE 942657 665 157
WRITE 943322 873 234
WRITE 944195 431 154
WRITE 944626 766 66
WRITE 945392 732 171
WRITE 946124 525 56
WRITE 946649 226 245
WRITE 946875 20 67
WRITE 946895 463 243
WRITE 947358 478 216
WRITE 947836 759 97
WRITE 948595 1002 193
WRITE 949597 177 157
WRITE 949774 469 143
WRITE 950243 837 137
WRITE 951080 365 212
WRITE 951445 796 171
WRITE 952241 311 142
WRITE 952552 858 85
WRITE 953410 633 93
WRITE 954043 548 171
WRITE 954591 685 83
WRITE 955276 257 171
WRITE 955533 530 95
WRITE 956063 61 150
WRITE 956124 908 189
WRITE 957032 333 13
WRITE 957365 684 72
WRITE 958049 834 123
WRITE 958883 926 228
WRITE 959809 610 87
WRITE 960419 765 35
WRITE 961184 999 40
WRITE 962183 274 206
WRITE 962457 855 1
WRITE 963312 353 214
WRITE 963665 1012 237
WRITE 964677 684 203
WRITE 965361 132 192
WRITE 965493 320 76
WRITE 965813 693 224
WRITE 966506 341 183
WRITE 966847 680 113
WRITE 967527 663 165
WRITE 968190 68 212
WRITE 968258 651 249
WRITE 968909 40 46
WRITE 968949 961 148
WRITE 969910 361 53
WRITE 970271 265 182
WRITE 970536 238 117
WRITE 970774 252 24
WRITE 971026 1002 85
WRITE 972028 141 205
WRITE 972169 549 155
WRITE 972718 68 185
WRITE 972786 314 71
WRITE 973100 524 182
WRITE 973624 302 193
WRITE 973926 4 11
WRITE 973930 54 101
WRITE 973984 182 204
WRITE 974166 119 116
WRITE 974285 217 134
WRITE 974502 261 132
WRITE 974763 174 65
WRITE 974937 1006 194
WRITE 975943 500 67
WRITE 976443 787 165
WRITE 977230 1016 65
WRITE 978246 658 251
WRITE 978904 96 87
WRITE 979000 198 250
WRITE 979198 210 51
WRITE 979408 720 26
WRITE 980128 193 168
WRITE 980321 737 126
WRITE 981058 400 39
WRITE 981458 197 122
WRITE 981655 440 36
WRITE 982095 334 76
WRITE 982429 762 166
WRITE 983191 684 56
WRITE 983875 158 92
WRITE 984033 496 2
WRITE 984529 490 232
WRITE 985019 459 10
WRITE 985478 612 130
WRITE 986090 775 3
WRITE 986865 90 101
WRITE 986955 444 138
WRITE 987399 797 76
WRITE 988196 877 110
WRITE 989073 339 95
WRITE 989412 717 176
WRITE 990129 311 252
WRITE 990440 455 210
WRITE 990895 613 48
WRITE 991508 997 42
WRITE 992505 392 216
WRITE 992897 533 83
WRITE 993430 547 42
WRITE 993977 941 255
WRITE 994918 558 24
WRITE 995476 196 178
WRITE 995672 1004 234
WRITE 996676 820 173
WRITE 997496 51 119
WRITE 997547 553 162
WRITE 998100 714 75
WRITE 998814 442 131
WRITE 999256 368 156
WRITE 999624 393 160
WRITE 1000017 589 82
WRITE 1000606 271 132
WRITE 1000877 260 62
WRITE 1001137 636 254
WRITE 1001773 144 132
WRITE 1001917 885 227
WRITE 1002802 150 52
WRITE 1002952 43 111
WRITE 1002995 24 220
WRITE 1003019 38 154
WRITE 1003057 846 17
WRITE 1003903 694 2
WRITE 1004597 310 41
WRITE 1004907 371 145
WRITE 1005278 669 235
WRITE 1005947 405 120
WRITE 1006352 504 202
WRITE 1006856 744 124
WRITE 1007600 623 74
WRITE 1008223 258 51
WRITE 1008481 740 246
WRITE 1009221 391 184
WRITE 1009612 125 176
WRITE 1009737 1014 211
WRITE 1010751 433 6
WRITE 1011184 232 61
WRITE 1011416 276 96
WRITE 1011692 505 188
WRITE 1012197 943 224
WRITE 1013140 579 198
WRITE 1013719 738 223
WRITE 1014457 444 21
WRITE 1014901 1024 148
WRITE 1015925 717 118
WRITE 1016642 384 132
WRITE 1017026 116 73
WRITE 1017142 803 140
WRITE 1017945 976 251
WRITE 1018921 793 21
WRITE 1019714 99 24
WRITE 1019813 387 210
WRITE 1020200 335 23
WRITE 1020535 532 147
WRITE 1021067 466 225
WRITE 1021533 201 189
WRITE 1021734 683 10
WRITE 1022417 365 249
WRITE 1022782 622 216
WRITE 1023404 955 43
WRITE 1024359 103 46
WRITE 1024462 1005 83
WRITE 1025467 404 145
WRITE 1025871 446 170
WRITE 1026317 740 237
WRITE 1027057 1000 78
WRITE 1028057 896 72
WRITE 1028953 325 102
WRITE 1029278 98 191
WRITE 1029376 360 248
WRITE 1029736 273 79
WRITE 1030009 831 230
WRITE 1030840 72 172
WRITE 1030912 888 247
WRITE 1031800 340 98
WRITE 1032140 280 96
WRITE 1032420 802 167
WRITE 1033222 381 242
WRITE 1033603 253 53
WRITE 1033856 962 20
WRITE 1034818 9 41
WRITE 1034827 109 121
WRITE 1034936 257 28
WRITE 1035193 21 14
WRITE 1035214 310 65
WRITE 1035524 399 19
WRITE 1035923 75 157
WRITE 1035998 136 58
WRITE 1036134 696 162
WRITE 1036830 314 179
WRITE 1037144 838 187
WRITE 1037982 9 183
WRITE 1037991 36 200
WRITE 1038027 805 73
WRITE 1038832 615 21
WRITE 1039447 854 146
WRITE 1040301 417 254
WRITE 1040718 63 103
WRITE 1040781 703 223
WRITE 1041484 528 134
WRITE 1042012 126 198
WRITE 1042138 359 238
WRITE 1042497 274 55
WRITE 1042771 428 90
WRITE 1043199 772 192
WRITE 1043971 406 191
WRITE 1044377 918 160
WRITE 1045295 739 240
WRITE 1046034 823 181
WRITE 1046857 890 11
WRITE 1047747 105 136
WRITE 1047852 724 55
SIGNALL
UNMOUNT
